6.223564147949218750e+01
6.209146118164062500e+01
6.198395538330078125e+01
6.204430389404296875e+01
4.072612762451171875e+01
6.244340515136718750e+01
5.032252120971679688e+01
6.232714843750000000e+01
5.038262939453125000e+01
5.040859985351562500e+01
5.536341094970703125e+01
6.240084075927734375e+01
6.240029144287109375e+01
6.241818237304687500e+01
7.425588989257812500e+01
7.246679687500000000e+01
6.872691345214843750e+01
6.872671508789062500e+01
6.062761688232421875e+01
5.522329711914062500e+01
6.738129425048828125e+01
6.742174530029296875e+01
6.756111907958984375e+01
6.750157165527343750e+01
6.750033569335937500e+01
6.751194000244140625e+01
7.953165435791015625e+01
7.952662658691406250e+01
7.952626037597656250e+01
7.951752471923828125e+01
7.953737640380859375e+01
7.953216552734375000e+01
7.959401702880859375e+01
6.763751983642578125e+01
7.957670593261718750e+01
7.956031799316406250e+01
6.077522277832031250e+01
7.939304351806640625e+01
5.543288421630859375e+01
6.059324645996093750e+01
6.079178237915039062e+01
6.103201293945312500e+01
6.099077224731445312e+01
5.053890609741210938e+01
5.046050262451171875e+01
8.160294342041015625e+01
5.747628021240234375e+01
6.873868560791015625e+01
6.881362915039062500e+01
8.347286987304687500e+01
7.186019134521484375e+01
8.309322357177734375e+01
6.928660583496093750e+01
6.921553039550781250e+01
6.923802947998046875e+01
6.925921630859375000e+01
6.922369384765625000e+01
6.919150543212890625e+01
6.920810699462890625e+01
6.922156524658203125e+01
6.922303771972656250e+01
6.922849273681640625e+01
6.922821044921875000e+01
6.923689270019531250e+01
6.934639739990234375e+01
6.940982818603515625e+01
6.954541015625000000e+01
6.926556396484375000e+01
6.934774017333984375e+01
6.935310363769531250e+01
6.919661712646484375e+01
6.937382507324218750e+01
6.946783447265625000e+01
6.957366943359375000e+01
6.895980834960937500e+01
6.893418121337890625e+01
6.906578826904296875e+01
6.932762145996093750e+01
6.945853424072265625e+01
5.773721313476562500e+01
6.274005126953125000e+01
6.260585021972656250e+01
6.238470458984375000e+01
5.528027343750000000e+01
5.532262420654296875e+01
8.636817169189453125e+01
6.238912963867187500e+01
6.239855957031250000e+01
6.241040039062500000e+01
6.241428375244140625e+01
6.243557739257812500e+01
6.243014526367187500e+01
6.240125274658203125e+01
6.238066101074218750e+01
6.235456085205078125e+01
6.234088897705078125e+01
6.228004455566406250e+01
6.222276306152343750e+01
6.220579528808593750e+01
6.218466186523437500e+01
6.213597869873046875e+01
6.210101318359375000e+01
6.210270690917968750e+01
6.217811584472656250e+01
6.224096679687500000e+01
6.229092407226562500e+01
6.232798767089843750e+01
6.236395263671875000e+01
6.232839965820312500e+01
6.224749755859375000e+01
6.219104766845703125e+01
6.218750000000000000e+01
6.221134185791015625e+01
6.225791168212890625e+01
6.231593322753906250e+01
6.235050964355468750e+01
6.231025695800781250e+01
6.222415924072265625e+01
6.217191314697265625e+01
7.434265136718750000e+01
7.462478637695312500e+01
7.480059051513671875e+01
7.479093170166015625e+01
7.456915283203125000e+01
7.409028625488281250e+01
7.374479675292968750e+01
7.354147338867187500e+01
7.375833892822265625e+01
7.549253845214843750e+01
7.527543640136718750e+01
9.722950744628906250e+01
9.731039428710937500e+01
1.093639984130859375e+02
