5.720742416381835938e+01
6.256191253662109375e+01
6.251645660400390625e+01
6.249528503417968750e+01
6.250251770019531250e+01
6.250024414062500000e+01
7.441416931152343750e+01
7.434372711181640625e+01
7.438331604003906250e+01
6.249726867675781250e+01
6.256625366210937500e+01
6.252892303466796875e+01
6.247145080566406250e+01
7.473577880859375000e+01
7.485739135742187500e+01
7.451286315917968750e+01
7.275381469726562500e+01
7.197055053710937500e+01
7.182150268554687500e+01
7.177104187011718750e+01
7.188096618652343750e+01
7.220101928710937500e+01
7.343841552734375000e+01
7.449827575683593750e+01
7.480596160888671875e+01
7.162629699707031250e+01
7.167495727539062500e+01
7.179819488525390625e+01
7.208708190917968750e+01
7.238237762451171875e+01
6.055529022216796875e+01
6.059093856811523438e+01
7.232519531250000000e+01
7.212544250488281250e+01
7.203020477294921875e+01
7.211199188232421875e+01
7.226969909667968750e+01
7.226879882812500000e+01
7.217807769775390625e+01
7.207871246337890625e+01
7.191741943359375000e+01
7.178733825683593750e+01
7.173722839355468750e+01
7.184478759765625000e+01
7.198985290527343750e+01
7.213808441162109375e+01
7.223339843750000000e+01
7.222949218750000000e+01
7.226098632812500000e+01
7.223641204833984375e+01
7.212877655029296875e+01
7.203277587890625000e+01
7.196799468994140625e+01
7.192852020263671875e+01
7.194184875488281250e+01
7.189327239990234375e+01
7.173059082031250000e+01
7.166160583496093750e+01
7.166368865966796875e+01
7.171349334716796875e+01
7.179760742187500000e+01
7.220269012451171875e+01
7.253618621826171875e+01
7.256019592285156250e+01
5.550273513793945312e+01
7.249762725830078125e+01
7.234072875976562500e+01
7.181196594238281250e+01
7.135987854003906250e+01
6.959114837646484375e+01
6.838610839843750000e+01
6.947132873535156250e+01
7.022856140136718750e+01
7.176762390136718750e+01
7.213391876220703125e+01
7.176702880859375000e+01
7.062495422363281250e+01
7.039595031738281250e+01
7.042718505859375000e+01
7.047882843017578125e+01
7.050229644775390625e+01
7.055107116699218750e+01
7.058544921875000000e+01
7.052388763427734375e+01
7.038064575195312500e+01
7.017391967773437500e+01
7.001430511474609375e+01
6.999037170410156250e+01
7.002220153808593750e+01
7.053028869628906250e+01
7.247448730468750000e+01
7.252307891845703125e+01
7.157083129882812500e+01
7.031480407714843750e+01
7.011090087890625000e+01
7.008463287353515625e+01
7.013423156738281250e+01
7.020061492919921875e+01
7.034759521484375000e+01
7.039073181152343750e+01
7.022874450683593750e+01
7.014553833007812500e+01
7.016969299316406250e+01
7.047667694091796875e+01
7.178120422363281250e+01
7.226020812988281250e+01
7.217634582519531250e+01
8.317816162109375000e+01
8.148550415039062500e+01
8.112213897705078125e+01
8.091047668457031250e+01
6.886517333984375000e+01
6.899569702148437500e+01
6.917256164550781250e+01
7.013498687744140625e+01
7.095433807373046875e+01
6.956719970703125000e+01
6.918079376220703125e+01
6.913388824462890625e+01
6.912454223632812500e+01
6.915396881103515625e+01
6.922265625000000000e+01
6.936431884765625000e+01
6.932650756835937500e+01
6.917487335205078125e+01
6.907164001464843750e+01
6.911619567871093750e+01
6.925952148437500000e+01
6.937261962890625000e+01
6.945594787597656250e+01
6.955049133300781250e+01
7.208685302734375000e+01
7.297446441650390625e+01
6.682271575927734375e+01
6.675502014160156250e+01
6.678041076660156250e+01
6.694612121582031250e+01
6.716468811035156250e+01
6.721965789794921875e+01
6.715235900878906250e+01
6.731167602539062500e+01
6.726670837402343750e+01
6.736961364746093750e+01
6.956753540039062500e+01
7.136656188964843750e+01
4.787074279785156250e+01
6.709117889404296875e+01
6.716602325439453125e+01
6.729917144775390625e+01
6.741926574707031250e+01
6.740039062500000000e+01
6.731627655029296875e+01
6.718104553222656250e+01
6.703710937500000000e+01
6.690396118164062500e+01
6.685090637207031250e+01
6.693859100341796875e+01
6.721061706542968750e+01
7.200350952148437500e+01
7.227726745605468750e+01
7.209103393554687500e+01
7.224862670898437500e+01
6.712007141113281250e+01
6.719398498535156250e+01
6.725880432128906250e+01
6.726803588867187500e+01
6.727229309082031250e+01
6.726728820800781250e+01
6.725867462158203125e+01
7.927882385253906250e+01
7.943144226074218750e+01
8.005493927001953125e+01
8.164199066162109375e+01
8.169613647460937500e+01
8.116316223144531250e+01
8.127997589111328125e+01
8.121833038330078125e+01
6.834285736083984375e+01
8.088885498046875000e+01
8.048125457763671875e+01
8.035397338867187500e+01
5.444725036621093750e+01
4.265774154663085938e+01
9.105452728271484375e+01
