6.257729339599609375e+01
5.355168151855468750e+01
5.366692352294921875e+01
6.572963714599609375e+01
6.565715026855468750e+01
6.559956359863281250e+01
6.537713623046875000e+01
6.502391815185546875e+01
6.500048828125000000e+01
6.505039215087890625e+01
6.508013916015625000e+01
6.505664062500000000e+01
7.705304718017578125e+01
7.708657073974609375e+01
7.717156982421875000e+01
7.788961029052734375e+01
8.074379730224609375e+01
8.160934448242187500e+01
6.268713378906250000e+01
6.949830627441406250e+01
8.146768188476562500e+01
8.144166564941406250e+01
8.144781494140625000e+01
8.148848724365234375e+01
8.161012268066406250e+01
8.181929016113281250e+01
8.200948333740234375e+01
8.210887145996093750e+01
8.223054504394531250e+01
8.241877746582031250e+01
8.260742187500000000e+01
8.271738433837890625e+01
8.274978637695312500e+01
8.272154998779296875e+01
8.265761566162109375e+01
8.256581115722656250e+01
8.247901916503906250e+01
8.245519256591796875e+01
8.246237945556640625e+01
8.247939300537109375e+01
8.251757812500000000e+01
8.255842590332031250e+01
8.258168029785156250e+01
8.257057189941406250e+01
8.253370666503906250e+01
8.250415039062500000e+01
8.249174499511718750e+01
8.262162780761718750e+01
8.336253356933593750e+01
8.315118408203125000e+01
8.217220306396484375e+01
8.229335021972656250e+01
8.255440521240234375e+01
8.260570526123046875e+01
8.256053161621093750e+01
8.254308319091796875e+01
8.255078125000000000e+01
8.253458404541015625e+01
8.250601196289062500e+01
8.248606872558593750e+01
8.246983337402343750e+01
8.246589660644531250e+01
8.280179595947265625e+01
8.314976501464843750e+01
8.227709960937500000e+01
8.235137176513671875e+01
8.251390075683593750e+01
8.254686737060546875e+01
8.251109313964843750e+01
8.248961639404296875e+01
8.249005126953125000e+01
8.249179840087890625e+01
8.248226928710937500e+01
8.243488311767578125e+01
8.239733123779296875e+01
8.226010894775390625e+01
8.209102630615234375e+01
8.210594177246093750e+01
8.230800628662109375e+01
8.248574066162109375e+01
8.256262207031250000e+01
8.252883148193359375e+01
8.248270416259765625e+01
8.243082427978515625e+01
8.238106536865234375e+01
8.232889556884765625e+01
8.231683349609375000e+01
8.258636474609375000e+01
8.254800415039062500e+01
8.218218994140625000e+01
8.226133728027343750e+01
8.248541259765625000e+01
8.261408996582031250e+01
8.257330322265625000e+01
8.248097991943359375e+01
8.244151306152343750e+01
8.246622467041015625e+01
8.248601531982421875e+01
8.245876312255859375e+01
8.232186889648437500e+01
8.189141845703125000e+01
8.129664611816406250e+01
8.120280456542968750e+01
8.260054016113281250e+01
5.427292633056640625e+01
6.670808410644531250e+01
6.668589782714843750e+01
6.661906433105468750e+01
7.849993896484375000e+01
5.004351425170898438e+01
6.201910400390625000e+01
6.242561340332031250e+01
8.193960571289062500e+01
8.225007629394531250e+01
8.240995025634765625e+01
7.048963928222656250e+01
7.050122070312500000e+01
8.246511840820312500e+01
8.241685485839843750e+01
8.237442779541015625e+01
8.238647460937500000e+01
8.283711242675781250e+01
8.372557830810546875e+01
8.397332763671875000e+01
8.350721740722656250e+01
8.172201538085937500e+01
8.113436889648437500e+01
8.107872009277343750e+01
8.111644744873046875e+01
8.116925048828125000e+01
8.151581573486328125e+01
8.326561737060546875e+01
8.314511871337890625e+01
8.145682525634765625e+01
8.110415649414062500e+01
6.901177215576171875e+01
8.101912689208984375e+01
8.111006164550781250e+01
8.127245330810546875e+01
8.141225433349609375e+01
8.144110107421875000e+01
8.137060546875000000e+01
8.122538757324218750e+01
8.109027862548828125e+01
8.147702026367187500e+01
8.340820312500000000e+01
8.388118743896484375e+01
8.400642395019531250e+01
8.316744232177734375e+01
8.213546752929687500e+01
7.020604705810546875e+01
8.217434692382812500e+01
8.227170562744140625e+01
7.022221374511718750e+01
6.993489837646484375e+01
7.012716674804687500e+01
8.227485656738281250e+01
8.145684051513671875e+01
8.018247222900390625e+01
7.987286376953125000e+01
7.260393524169921875e+01
6.770666503906250000e+01
