6.566763305664062500e+01
6.611682891845703125e+01
6.626457977294921875e+01
6.613191223144531250e+01
6.625587463378906250e+01
6.635044097900390625e+01
6.636480712890625000e+01
6.635056304931640625e+01
6.632582855224609375e+01
6.629907226562500000e+01
6.626811981201171875e+01
6.627806091308593750e+01
6.633412933349609375e+01
6.637135314941406250e+01
6.639585876464843750e+01
6.639963531494140625e+01
6.638211059570312500e+01
6.635000610351562500e+01
6.634416198730468750e+01
6.635511016845703125e+01
6.636929321289062500e+01
6.637771606445312500e+01
6.637741088867187500e+01
6.638055419921875000e+01
6.638922882080078125e+01
6.637434387207031250e+01
6.633774566650390625e+01
6.633754730224609375e+01
6.638835144042968750e+01
6.641136932373046875e+01
6.640719604492187500e+01
6.640132141113281250e+01
6.642584991455078125e+01
6.655014038085937500e+01
6.653408813476562500e+01
6.644128417968750000e+01
6.641310119628906250e+01
6.642343902587890625e+01
6.644680786132812500e+01
6.647032928466796875e+01
6.649123382568359375e+01
6.650177001953125000e+01
6.648503875732421875e+01
6.647109985351562500e+01
6.645430755615234375e+01
6.644955444335937500e+01
6.647834777832031250e+01
6.647466278076171875e+01
6.647038269042968750e+01
6.649140930175781250e+01
6.652552795410156250e+01
6.654591369628906250e+01
6.654079437255859375e+01
6.654087066650390625e+01
6.654257202148437500e+01
6.655342864990234375e+01
6.656929016113281250e+01
6.657373046875000000e+01
6.657134246826171875e+01
6.656694030761718750e+01
6.659103393554687500e+01
6.662692260742187500e+01
6.665142059326171875e+01
6.665947723388671875e+01
6.666491699218750000e+01
6.666960144042968750e+01
6.668185424804687500e+01
6.666570281982421875e+01
6.663910675048828125e+01
6.664722442626953125e+01
6.667953491210937500e+01
6.670497894287109375e+01
6.666963195800781250e+01
6.664685058593750000e+01
6.664595794677734375e+01
6.664323425292968750e+01
6.665870666503906250e+01
6.667156982421875000e+01
6.668837738037109375e+01
6.669136810302734375e+01
6.667853546142578125e+01
6.665825653076171875e+01
6.665417480468750000e+01
6.666767883300781250e+01
6.665869140625000000e+01
6.668125915527343750e+01
6.671866607666015625e+01
6.672667694091796875e+01
6.673873901367187500e+01
6.676794433593750000e+01
6.677873992919921875e+01
6.679381561279296875e+01
6.684945678710937500e+01
6.693011474609375000e+01
6.695950317382812500e+01
6.695634460449218750e+01
6.697309875488281250e+01
6.688900756835937500e+01
6.673941040039062500e+01
6.672238922119140625e+01
6.672557830810546875e+01
6.673558044433593750e+01
6.676889801025390625e+01
6.678866577148437500e+01
6.678800964355468750e+01
6.675959777832031250e+01
6.680766296386718750e+01
6.688314819335937500e+01
6.679452514648437500e+01
6.795803070068359375e+01
6.790982818603515625e+01
6.780036926269531250e+01
