6.029591369628906250e+01
6.037012481689453125e+01
6.120304107666015625e+01
7.426598358154296875e+01
7.424688720703125000e+01
7.402442932128906250e+01
7.408480834960937500e+01
7.455612182617187500e+01
7.463504028320312500e+01
7.463070678710937500e+01
7.466062164306640625e+01
7.476437377929687500e+01
7.486259460449218750e+01
7.496895599365234375e+01
7.510339355468750000e+01
7.523735046386718750e+01
7.534395599365234375e+01
7.544378662109375000e+01
7.547716522216796875e+01
7.543048095703125000e+01
7.532429504394531250e+01
7.520385742187500000e+01
7.511913299560546875e+01
7.504104614257812500e+01
7.505501556396484375e+01
8.718234252929687500e+01
7.524356842041015625e+01
7.511048126220703125e+01
7.442485046386718750e+01
7.412268066406250000e+01
7.403531646728515625e+01
7.415529632568359375e+01
7.437200164794921875e+01
7.458005523681640625e+01
7.452774047851562500e+01
7.427980804443359375e+01
7.410951232910156250e+01
7.401483917236328125e+01
7.407765197753906250e+01
7.423439788818359375e+01
7.436957550048828125e+01
7.443470764160156250e+01
7.427612304687500000e+01
7.403240966796875000e+01
7.385826110839843750e+01
7.383155822753906250e+01
7.393869018554687500e+01
7.408732604980468750e+01
7.419607543945312500e+01
7.416969299316406250e+01
7.399003601074218750e+01
7.382374572753906250e+01
7.378187561035156250e+01
7.386554718017578125e+01
7.397508239746093750e+01
7.409869384765625000e+01
7.419792175292968750e+01
7.417601013183593750e+01
7.405291748046875000e+01
7.390495300292968750e+01
7.384287261962890625e+01
7.386886596679687500e+01
7.393746948242187500e+01
7.399568176269531250e+01
7.402986907958984375e+01
7.395850372314453125e+01
7.387392425537109375e+01
7.381258392333984375e+01
7.381909942626953125e+01
7.385800170898437500e+01
7.389195251464843750e+01
7.394746398925781250e+01
7.398881530761718750e+01
7.395901489257812500e+01
7.391213226318359375e+01
7.387867736816406250e+01
7.386174011230468750e+01
7.386997222900390625e+01
7.388742065429687500e+01
7.391262817382812500e+01
7.388768768310546875e+01
7.385273742675781250e+01
7.383118438720703125e+01
7.381092834472656250e+01
7.380323028564453125e+01
7.382481384277343750e+01
7.382989501953125000e+01
7.381430053710937500e+01
7.378534698486328125e+01
7.376029968261718750e+01
7.373928833007812500e+01
7.372203063964843750e+01
7.373425292968750000e+01
7.376113891601562500e+01
7.376019287109375000e+01
7.374542236328125000e+01
7.371873474121093750e+01
7.368871307373046875e+01
7.364813995361328125e+01
7.363818359375000000e+01
7.365481567382812500e+01
7.368282318115234375e+01
7.364421844482421875e+01
7.360123443603515625e+01
7.358785247802734375e+01
7.358447265625000000e+01
7.356419372558593750e+01
7.353800964355468750e+01
7.349804687500000000e+01
7.345964813232421875e+01
7.342910003662109375e+01
7.340191650390625000e+01
7.339438629150390625e+01
7.340258789062500000e+01
7.340783691406250000e+01
7.338165283203125000e+01
7.333853149414062500e+01
7.332019805908203125e+01
7.332397460937500000e+01
7.332472991943359375e+01
7.332423400878906250e+01
7.333004760742187500e+01
7.331896972656250000e+01
7.328642272949218750e+01
7.327129364013671875e+01
7.326986694335937500e+01
7.328264617919921875e+01
7.328613281250000000e+01
7.327669525146484375e+01
7.325666809082031250e+01
7.323325347900390625e+01
7.320752716064453125e+01
7.319947814941406250e+01
7.322133636474609375e+01
7.325030517578125000e+01
7.323346710205078125e+01
7.320261383056640625e+01
7.318713378906250000e+01
7.316781616210937500e+01
7.314948272705078125e+01
7.314129638671875000e+01
7.319647216796875000e+01
7.326058959960937500e+01
7.325774383544921875e+01
7.320516967773437500e+01
7.316255187988281250e+01
7.317421722412109375e+01
7.321788787841796875e+01
7.324784851074218750e+01
7.323849487304687500e+01
7.320093536376953125e+01
7.316725158691406250e+01
7.314765167236328125e+01
7.315174102783203125e+01
7.316470336914062500e+01
7.316809082031250000e+01
7.315238189697265625e+01
7.315431976318359375e+01
7.317700958251953125e+01
7.320890808105468750e+01
7.320951080322265625e+01
7.318699645996093750e+01
7.315679168701171875e+01
7.315185546875000000e+01
7.316288757324218750e+01
7.318090820312500000e+01
7.320255279541015625e+01
7.321458435058593750e+01
7.321784210205078125e+01
7.322239685058593750e+01
7.321335601806640625e+01
7.319976806640625000e+01
7.320870971679687500e+01
7.325634002685546875e+01
7.331605529785156250e+01
7.336164093017578125e+01
7.337024688720703125e+01
7.337206268310546875e+01
7.339451599121093750e+01
7.341463470458984375e+01
7.345150756835937500e+01
7.350399017333984375e+01
7.355607604980468750e+01
7.357409667968750000e+01
7.358435058593750000e+01
7.360371398925781250e+01
7.361898040771484375e+01
7.363291931152343750e+01
7.364843750000000000e+01
7.368238830566406250e+01
7.372623443603515625e+01
7.377769470214843750e+01
7.380229949951171875e+01
7.380992126464843750e+01
7.382616424560546875e+01
7.384783935546875000e+01
7.386178588867187500e+01
7.388238525390625000e+01
7.391248321533203125e+01
7.396739959716796875e+01
7.398091125488281250e+01
7.399565124511718750e+01
7.401679992675781250e+01
7.401646423339843750e+01
7.401088714599609375e+01
7.400776672363281250e+01
7.403227233886718750e+01
7.403404998779296875e+01
7.403492736816406250e+01
7.404303741455078125e+01
7.404964447021484375e+01
7.404842376708984375e+01
7.405610656738281250e+01
7.406645202636718750e+01
7.408668518066406250e+01
7.409432220458984375e+01
7.410350799560546875e+01
7.410560607910156250e+01
7.410240936279296875e+01
7.410317993164062500e+01
7.411083984375000000e+01
7.410920715332031250e+01
7.410440063476562500e+01
7.410148620605468750e+01
7.410630035400390625e+01
7.412018585205078125e+01
7.412243652343750000e+01
7.411174774169921875e+01
7.409433746337890625e+01
7.407779693603515625e+01
7.406156921386718750e+01
7.406362915039062500e+01
7.408811950683593750e+01
7.410144042968750000e+01
7.410372924804687500e+01
7.409560394287109375e+01
7.408282470703125000e+01
7.407354736328125000e+01
7.407556152343750000e+01
7.408464050292968750e+01
7.409034729003906250e+01
7.409759521484375000e+01
7.409670257568359375e+01
7.409003448486328125e+01
7.408642578125000000e+01
7.408736419677734375e+01
7.409103393554687500e+01
7.410041809082031250e+01
7.411055755615234375e+01
7.411756896972656250e+01
7.412275695800781250e+01
7.411566925048828125e+01
7.410684204101562500e+01
7.410865783691406250e+01
7.410847473144531250e+01
7.410430145263671875e+01
7.410511016845703125e+01
7.410807800292968750e+01
7.411360168457031250e+01
7.412031555175781250e+01
7.411631774902343750e+01
7.410067749023437500e+01
7.407899475097656250e+01
7.407228851318359375e+01
7.407620239257812500e+01
7.408451080322265625e+01
7.408390808105468750e+01
7.407095336914062500e+01
7.406228637695312500e+01
7.405062103271484375e+01
7.402874755859375000e+01
7.401181793212890625e+01
7.399691772460937500e+01
7.400019836425781250e+01
