6.740783691406250000e+01
6.229579162597656250e+01
6.235810089111328125e+01
6.235221862792968750e+01
6.213943481445312500e+01
6.194488525390625000e+01
6.184549713134765625e+01
6.186469268798828125e+01
6.184398651123046875e+01
6.177986145019531250e+01
6.169193267822265625e+01
6.177700042724609375e+01
6.204915618896484375e+01
6.243708038330078125e+01
6.240010070800781250e+01
6.232640838623046875e+01
6.210716247558593750e+01
6.207084655761718750e+01
6.206227111816406250e+01
6.205642700195312500e+01
6.202357482910156250e+01
6.202415466308593750e+01
6.203524017333984375e+01
6.206131744384765625e+01
7.408260345458984375e+01
7.409722137451171875e+01
7.410705566406250000e+01
7.412342071533203125e+01
7.415189361572265625e+01
7.417851257324218750e+01
7.418975830078125000e+01
7.418405151367187500e+01
7.418257141113281250e+01
7.417042541503906250e+01
7.416432189941406250e+01
7.417386627197265625e+01
7.418068695068359375e+01
7.417957305908203125e+01
7.417823791503906250e+01
7.418399810791015625e+01
7.419135284423828125e+01
7.419460296630859375e+01
7.418876647949218750e+01
7.417823028564453125e+01
7.417124176025390625e+01
7.416960906982421875e+01
7.416993713378906250e+01
7.416205596923828125e+01
7.414794158935546875e+01
7.413471221923828125e+01
7.413233947753906250e+01
7.413949584960937500e+01
7.414253234863281250e+01
7.413589477539062500e+01
7.412899780273437500e+01
7.412056732177734375e+01
7.410990905761718750e+01
7.409906768798828125e+01
7.410309600830078125e+01
7.411943817138671875e+01
7.412904357910156250e+01
7.412904357910156250e+01
7.411259460449218750e+01
7.409040832519531250e+01
7.408094024658203125e+01
7.408088684082031250e+01
7.409561157226562500e+01
7.410604858398437500e+01
7.410772705078125000e+01
7.410765075683593750e+01
7.410467529296875000e+01
7.410266876220703125e+01
7.410250854492187500e+01
7.410630798339843750e+01
7.411432647705078125e+01
7.411376953125000000e+01
7.410468292236328125e+01
7.409946441650390625e+01
7.409809875488281250e+01
7.410224914550781250e+01
7.410919189453125000e+01
7.411759185791015625e+01
7.412709808349609375e+01
7.413232421875000000e+01
7.413401794433593750e+01
7.413145446777343750e+01
7.412523651123046875e+01
7.411577606201171875e+01
7.410642242431640625e+01
7.410151672363281250e+01
7.409722137451171875e+01
7.409209442138671875e+01
7.408486175537109375e+01
7.406549072265625000e+01
7.404635620117187500e+01
7.403430938720703125e+01
7.402256011962890625e+01
7.400901031494140625e+01
7.400025939941406250e+01
6.202406311035156250e+01
6.205935668945312500e+01
6.206138610839843750e+01
6.205356597900390625e+01
7.404389190673828125e+01
7.403701782226562500e+01
7.403675842285156250e+01
6.204804992675781250e+01
6.205625915527343750e+01
6.206617736816406250e+01
6.206745147705078125e+01
7.405960083007812500e+01
7.405237579345703125e+01
6.205091094970703125e+01
6.204962921142578125e+01
6.204212188720703125e+01
6.203684997558593750e+01
6.204682922363281250e+01
6.205728912353515625e+01
6.205742645263671875e+01
6.204857635498046875e+01
6.203952789306640625e+01
7.403382110595703125e+01
7.403177642822265625e+01
7.403100585937500000e+01
7.403009033203125000e+01
7.403762817382812500e+01
7.405006408691406250e+01
7.406130981445312500e+01
7.406439208984375000e+01
7.406088256835937500e+01
7.405940246582031250e+01
7.405780029296875000e+01
7.406095886230468750e+01
7.406216430664062500e+01
7.405942535400390625e+01
7.405516815185546875e+01
7.406271362304687500e+01
7.407250213623046875e+01
7.407300567626953125e+01
7.407059478759765625e+01
7.408006286621093750e+01
7.410656738281250000e+01
7.414321136474609375e+01
7.417172241210937500e+01
7.418778228759765625e+01
7.416613006591796875e+01
7.412422943115234375e+01
7.405487060546875000e+01
7.396841430664062500e+01
7.388358306884765625e+01
7.384209442138671875e+01
7.387975311279296875e+01
7.394620513916015625e+01
7.402599334716796875e+01
7.410656738281250000e+01
7.418694305419921875e+01
7.420867156982421875e+01
7.418024444580078125e+01
7.411988830566406250e+01
7.404777526855468750e+01
7.396900177001953125e+01
7.389909362792968750e+01
7.384799957275390625e+01
7.383807373046875000e+01
7.385885620117187500e+01
7.389861297607421875e+01
7.399065399169921875e+01
7.412977600097656250e+01
7.425851440429687500e+01
7.429464721679687500e+01
7.427406311035156250e+01
7.421339416503906250e+01
7.410234069824218750e+01
7.402435302734375000e+01
7.396680450439453125e+01
7.391058349609375000e+01
7.387271118164062500e+01
7.387744903564453125e+01
7.388682556152343750e+01
7.392693328857421875e+01
7.403843688964843750e+01
7.413925170898437500e+01
7.417784118652343750e+01
7.416290283203125000e+01
7.410043334960937500e+01
7.398698425292968750e+01
7.390959930419921875e+01
7.386820983886718750e+01
7.382534790039062500e+01
7.380955505371093750e+01
7.382489776611328125e+01
7.388107299804687500e+01
7.396922302246093750e+01
7.407642364501953125e+01
7.415710449218750000e+01
7.417845153808593750e+01
6.204727935791015625e+01
6.198675537109375000e+01
7.353686523437500000e+01
7.366474914550781250e+01
7.366302490234375000e+01
7.365399932861328125e+01
7.369520568847656250e+01
7.377439880371093750e+01
6.198045349121093750e+01
6.205254364013671875e+01
6.206616973876953125e+01
6.209568023681640625e+01
7.316300964355468750e+01
7.329478454589843750e+01
7.354512023925781250e+01
7.361615753173828125e+01
7.342225646972656250e+01
6.192884826660156250e+01
6.198004913330078125e+01
6.203822326660156250e+01
6.204167938232421875e+01
6.203164672851562500e+01
6.195426177978515625e+01
7.358581542968750000e+01
7.364209747314453125e+01
7.356745910644531250e+01
7.350415039062500000e+01
7.373510742187500000e+01
6.195446777343750000e+01
6.197911834716796875e+01
6.193925476074218750e+01
7.369827270507812500e+01
7.365130615234375000e+01
7.364168548583984375e+01
7.364793395996093750e+01
7.377225494384765625e+01
7.395798492431640625e+01
7.407535552978515625e+01
7.403244018554687500e+01
7.385383605957031250e+01
7.367327880859375000e+01
7.359605407714843750e+01
7.358213806152343750e+01
7.364648437500000000e+01
7.376676940917968750e+01
7.367033386230468750e+01
7.366020202636718750e+01
7.370520019531250000e+01
7.362438964843750000e+01
7.357146453857421875e+01
7.357412719726562500e+01
7.366824340820312500e+01
7.384005737304687500e+01
6.213970184326171875e+01
6.226074218750000000e+01
7.359877777099609375e+01
7.365885925292968750e+01
7.357774353027343750e+01
7.357989501953125000e+01
7.359523010253906250e+01
7.359353637695312500e+01
6.211659240722656250e+01
6.219639587402343750e+01
7.327746582031250000e+01
7.339068603515625000e+01
7.351794433593750000e+01
7.354883575439453125e+01
7.364076995849609375e+01
7.382685852050781250e+01
7.393778991699218750e+01
6.204522705078125000e+01
7.331837463378906250e+01
7.346412658691406250e+01
7.350995635986328125e+01
7.357656860351562500e+01
7.377648162841796875e+01
7.396891784667968750e+01
7.393622589111328125e+01
7.359551239013671875e+01
7.354276275634765625e+01
7.351338958740234375e+01
7.350395965576171875e+01
7.358206176757812500e+01
7.378888702392578125e+01
7.389639282226562500e+01
7.372642517089843750e+01
7.366989135742187500e+01
7.356073760986328125e+01
7.353372192382812500e+01
7.358135986328125000e+01
7.373796844482421875e+01
7.393611907958984375e+01
