6.771644592285156250e+01
6.774832153320312500e+01
6.776925659179687500e+01
6.779812622070312500e+01
6.785836791992187500e+01
6.796089172363281250e+01
6.806189727783203125e+01
6.804168701171875000e+01
6.799413299560546875e+01
6.799303436279296875e+01
6.804649353027343750e+01
6.810148620605468750e+01
6.815722656250000000e+01
6.818043518066406250e+01
6.819880676269531250e+01
6.821214294433593750e+01
6.820950317382812500e+01
6.827547454833984375e+01
6.831876373291015625e+01
6.830651855468750000e+01
6.829159545898437500e+01
6.826323699951171875e+01
6.827655029296875000e+01
6.830416870117187500e+01
6.830041503906250000e+01
6.831260681152343750e+01
6.831119537353515625e+01
6.830622863769531250e+01
6.829631805419921875e+01
6.830307006835937500e+01
6.834604644775390625e+01
6.837112426757812500e+01
6.840142822265625000e+01
6.844155883789062500e+01
6.846895599365234375e+01
6.847491455078125000e+01
6.847784423828125000e+01
6.849666595458984375e+01
6.850489044189453125e+01
6.849015808105468750e+01
6.848056793212890625e+01
6.849610900878906250e+01
6.851649475097656250e+01
6.852108764648437500e+01
6.853369140625000000e+01
6.856070709228515625e+01
6.857037353515625000e+01
6.856387329101562500e+01
6.855466461181640625e+01
6.854663848876953125e+01
6.854792785644531250e+01
6.854653167724609375e+01
6.854519653320312500e+01
6.851818084716796875e+01
6.848282623291015625e+01
6.846177673339843750e+01
6.845806121826171875e+01
6.849328613281250000e+01
6.859381866455078125e+01
6.881580352783203125e+01
6.911605834960937500e+01
6.940000915527343750e+01
6.961054992675781250e+01
6.985663604736328125e+01
6.999329376220703125e+01
7.011104583740234375e+01
7.018443298339843750e+01
7.020688629150390625e+01
7.019704437255859375e+01
7.019264984130859375e+01
7.021583557128906250e+01
7.024727630615234375e+01
7.028587341308593750e+01
7.032626342773437500e+01
7.036011505126953125e+01
7.037546539306640625e+01
7.035703277587890625e+01
7.034730529785156250e+01
7.038278198242187500e+01
7.042653656005859375e+01
7.044149017333984375e+01
7.044770050048828125e+01
7.044915771484375000e+01
7.047591400146484375e+01
7.050685119628906250e+01
7.050828552246093750e+01
7.049053955078125000e+01
5.851316833496093750e+01
5.855379867553710938e+01
5.863806152343750000e+01
5.875226593017578125e+01
5.884413146972656250e+01
5.889192199707031250e+01
5.895654296875000000e+01
5.905905532836914062e+01
5.915316772460937500e+01
5.924872970581054688e+01
5.932504272460937500e+01
5.935279846191406250e+01
5.935031127929687500e+01
5.934417343139648438e+01
5.937968444824218750e+01
5.944833374023437500e+01
5.953128051757812500e+01
5.965811157226562500e+01
7.193866729736328125e+01
7.205688476562500000e+01
7.208856201171875000e+01
6.001998138427734375e+01
6.000685119628906250e+01
6.000993347167968750e+01
6.004340362548828125e+01
7.215606689453125000e+01
7.219648742675781250e+01
7.225045013427734375e+01
7.232317352294921875e+01
7.241931915283203125e+01
7.266552734375000000e+01
7.317578125000000000e+01
7.348619079589843750e+01
7.357302856445312500e+01
7.353112792968750000e+01
7.355694580078125000e+01
7.437984466552734375e+01
7.511677551269531250e+01
7.519947814941406250e+01
7.521848297119140625e+01
7.521570587158203125e+01
7.516400146484375000e+01
