6.596784210205078125e+01
6.592170715332031250e+01
6.586344146728515625e+01
6.578357696533203125e+01
6.568497467041015625e+01
6.558784484863281250e+01
6.551936340332031250e+01
6.547630310058593750e+01
6.537549591064453125e+01
6.496501922607421875e+01
6.402368927001953125e+01
6.283766937255859375e+01
6.276988220214843750e+01
6.273293304443359375e+01
6.266918945312500000e+01
6.257381439208984375e+01
6.246183013916015625e+01
6.243579101562500000e+01
6.255786132812500000e+01
6.270568847656250000e+01
6.276884460449218750e+01
6.274606323242187500e+01
6.269828796386718750e+01
6.266888427734375000e+01
6.269084930419921875e+01
6.274017333984375000e+01
6.281782531738281250e+01
6.292146301269531250e+01
6.295764923095703125e+01
6.295529174804687500e+01
6.290946197509765625e+01
6.285192871093750000e+01
6.284213256835937500e+01
6.287048339843750000e+01
6.289061737060546875e+01
6.287494659423828125e+01
6.286723327636718750e+01
6.293604278564453125e+01
6.300584411621093750e+01
6.306291961669921875e+01
6.313102722167968750e+01
6.320323181152343750e+01
6.324862670898437500e+01
6.319808959960937500e+01
6.310746765136718750e+01
6.304276275634765625e+01
6.304727935791015625e+01
6.314275360107421875e+01
6.321334075927734375e+01
6.320330810546875000e+01
6.313954162597656250e+01
6.309151458740234375e+01
6.307812500000000000e+01
6.306948089599609375e+01
6.306954956054687500e+01
6.309179687500000000e+01
6.308956909179687500e+01
6.306250000000000000e+01
6.304699707031250000e+01
6.305658721923828125e+01
6.305532836914062500e+01
6.302861785888671875e+01
6.301972198486328125e+01
6.303219604492187500e+01
6.303684997558593750e+01
6.301770019531250000e+01
6.300659179687500000e+01
6.302453613281250000e+01
6.304406738281250000e+01
6.302529144287109375e+01
6.299525451660156250e+01
6.296056365966796875e+01
6.293905639648437500e+01
6.294747161865234375e+01
6.298805236816406250e+01
6.301806640625000000e+01
6.304334259033203125e+01
6.306974792480468750e+01
6.306378173828125000e+01
6.304936981201171875e+01
6.304846191406250000e+01
6.305134582519531250e+01
6.303816986083984375e+01
6.300750732421875000e+01
6.299948883056640625e+01
6.299822998046875000e+01
6.298203277587890625e+01
6.290983581542968750e+01
6.281453704833984375e+01
6.277469635009765625e+01
6.279901123046875000e+01
6.293122863769531250e+01
6.314107513427734375e+01
6.333024597167968750e+01
6.346194458007812500e+01
6.349581146240234375e+01
6.339470672607421875e+01
6.321631622314453125e+01
6.299161529541015625e+01
6.279727935791015625e+01
6.267726135253906250e+01
6.270741271972656250e+01
6.290347290039062500e+01
6.308695983886718750e+01
6.316860961914062500e+01
6.310163879394531250e+01
6.295854187011718750e+01
6.282551574707031250e+01
6.269017028808593750e+01
6.261791992187500000e+01
6.262533569335937500e+01
6.275891876220703125e+01
6.294230651855468750e+01
6.304857635498046875e+01
6.305107879638671875e+01
6.295465850830078125e+01
6.279991149902343750e+01
6.264828491210937500e+01
6.258435058593750000e+01
6.270646667480468750e+01
6.290924072265625000e+01
6.299739074707031250e+01
6.297209930419921875e+01
6.284450531005859375e+01
6.268917846679687500e+01
6.256877899169921875e+01
6.253656768798828125e+01
6.261785888671875000e+01
6.276881408691406250e+01
6.287858581542968750e+01
6.286562347412109375e+01
6.274348449707031250e+01
6.261244964599609375e+01
6.254279327392578125e+01
6.260113525390625000e+01
6.275209045410156250e+01
6.288365173339843750e+01
6.293092346191406250e+01
6.286993408203125000e+01
6.274011230468750000e+01
6.262011718750000000e+01
6.256243896484375000e+01
6.263233947753906250e+01
6.277179718017578125e+01
6.287075805664062500e+01
6.290110778808593750e+01
6.285981750488281250e+01
6.279092407226562500e+01
6.274843597412109375e+01
6.272542572021484375e+01
6.271748352050781250e+01
6.274038696289062500e+01
6.275700378417968750e+01
6.272738647460937500e+01
6.265019226074218750e+01
6.262390136718750000e+01
6.264043426513671875e+01
6.265226745605468750e+01
6.265681457519531250e+01
6.268116760253906250e+01
6.268489074707031250e+01
6.263292694091796875e+01
6.257033538818359375e+01
6.256327819824218750e+01
6.259683227539062500e+01
6.262138366699218750e+01
6.264638519287109375e+01
6.271487426757812500e+01
6.274697113037109375e+01
6.271716308593750000e+01
6.269957733154296875e+01
6.278940582275390625e+01
6.299243927001953125e+01
6.314955902099609375e+01
6.323797607421875000e+01
6.322758483886718750e+01
6.317648315429687500e+01
6.317575073242187500e+01
7.523746490478515625e+01
7.533383941650390625e+01
7.535875701904296875e+01
7.532837677001953125e+01
7.530267333984375000e+01
7.529147338867187500e+01
7.527049255371093750e+01
7.525096130371093750e+01
7.526409149169921875e+01
7.529161071777343750e+01
7.527696228027343750e+01
7.524790954589843750e+01
7.523326873779296875e+01
7.521258544921875000e+01
7.517013549804687500e+01
7.514258575439453125e+01
7.515590667724609375e+01
7.519461822509765625e+01
7.521383666992187500e+01
6.326451873779296875e+01
6.337156677246093750e+01
6.340209960937500000e+01
6.336636352539062500e+01
7.532654571533203125e+01
7.532544708251953125e+01
7.531026458740234375e+01
7.527861022949218750e+01
7.529421234130859375e+01
7.534748077392578125e+01
7.537247467041015625e+01
7.534585571289062500e+01
7.530129241943359375e+01
7.527799987792968750e+01
7.525183105468750000e+01
7.522886657714843750e+01
7.526282501220703125e+01
7.530638885498046875e+01
7.528819274902343750e+01
7.521301269531250000e+01
7.519113159179687500e+01
7.524794769287109375e+01
7.531496429443359375e+01
7.538912963867187500e+01
7.545272827148437500e+01
7.545301818847656250e+01
7.537389373779296875e+01
7.526135253906250000e+01
7.520731353759765625e+01
7.524539184570312500e+01
7.533541107177734375e+01
7.542021179199218750e+01
7.547926330566406250e+01
7.546629333496093750e+01
7.537152099609375000e+01
7.526795959472656250e+01
7.526737976074218750e+01
7.533937072753906250e+01
7.540783691406250000e+01
7.544551849365234375e+01
7.544812774658203125e+01
7.541036987304687500e+01
7.531578063964843750e+01
7.522895812988281250e+01
7.523223114013671875e+01
7.531506347656250000e+01
7.539405822753906250e+01
7.542452239990234375e+01
7.542233276367187500e+01
7.538110351562500000e+01
7.530058288574218750e+01
7.522219848632812500e+01
7.521501159667968750e+01
7.529475402832031250e+01
7.536374664306640625e+01
7.536006164550781250e+01
7.532326507568359375e+01
7.529125976562500000e+01
