7.877230834960937500e+01
7.604953002929687500e+01
7.413410949707031250e+01
7.489280700683593750e+01
7.491210937500000000e+01
7.481967163085937500e+01
7.469898223876953125e+01
7.460827636718750000e+01
7.460597229003906250e+01
7.465546417236328125e+01
7.467568969726562500e+01
7.465570068359375000e+01
7.462078857421875000e+01
7.456803894042968750e+01
8.649826049804687500e+01
8.640694427490234375e+01
8.629098510742187500e+01
8.629173278808593750e+01
8.642683410644531250e+01
8.650466156005859375e+01
8.646900939941406250e+01
8.633287048339843750e+01
7.418520355224609375e+01
7.414266967773437500e+01
7.414674377441406250e+01
8.624436950683593750e+01
8.630154418945312500e+01
8.626132202148437500e+01
7.416620635986328125e+01
7.412022399902343750e+01
7.411058044433593750e+01
7.413296508789062500e+01
7.417223358154296875e+01
7.416982269287109375e+01
8.609965515136718750e+01
8.619776916503906250e+01
8.655360412597656250e+01
8.677049255371093750e+01
8.692476654052734375e+01
6.806455993652343750e+01
6.791999053955078125e+01
9.179273223876953125e+01
9.176918792724609375e+01
9.173069763183593750e+01
7.969331359863281250e+01
7.966844940185546875e+01
7.964604187011718750e+01
7.962871551513671875e+01
7.960856628417968750e+01
7.957993316650390625e+01
7.252767944335937500e+01
9.152736663818359375e+01
9.149562835693359375e+01
9.146823883056640625e+01
9.147519683837890625e+01
9.148674011230468750e+01
7.246597290039062500e+01
7.247301483154296875e+01
7.247784423828125000e+01
7.248638916015625000e+01
7.249725341796875000e+01
7.250571441650390625e+01
7.251377868652343750e+01
7.251353454589843750e+01
9.152484130859375000e+01
9.151045989990234375e+01
9.150887298583984375e+01
9.151307678222656250e+01
9.150807189941406250e+01
9.149455261230468750e+01
9.148157501220703125e+01
9.146778869628906250e+01
9.145287322998046875e+01
9.144139862060546875e+01
9.143589782714843750e+01
9.143194580078125000e+01
9.142301940917968750e+01
7.237940979003906250e+01
9.137619018554687500e+01
9.134093475341796875e+01
9.132011413574218750e+01
9.130654144287109375e+01
9.129965209960937500e+01
9.130053710937500000e+01
9.129895782470703125e+01
9.129760742187500000e+01
9.129927825927734375e+01
9.129945373535156250e+01
9.129061889648437500e+01
9.128318786621093750e+01
9.127879333496093750e+01
9.127476501464843750e+01
9.127838134765625000e+01
9.127886962890625000e+01
9.127310943603515625e+01
9.126346588134765625e+01
9.125248718261718750e+01
9.124827575683593750e+01
9.124714660644531250e+01
9.124635314941406250e+01
9.124552917480468750e+01
9.124241638183593750e+01
9.123047637939453125e+01
9.121407318115234375e+01
9.119261169433593750e+01
9.123071289062500000e+01
9.139012145996093750e+01
9.127655792236328125e+01
9.049369049072265625e+01
6.250079345703125000e+01
6.258419799804687500e+01
6.266955566406250000e+01
6.287494659423828125e+01
6.289495849609375000e+01
8.721853637695312500e+01
8.714614868164062500e+01
8.714530944824218750e+01
8.714279174804687500e+01
8.713374328613281250e+01
8.712966156005859375e+01
8.713797760009765625e+01
8.714971160888671875e+01
8.715454101562500000e+01
8.716151428222656250e+01
8.716928863525390625e+01
8.719679260253906250e+01
8.735643005371093750e+01
8.769392395019531250e+01
8.782238006591796875e+01
8.761070251464843750e+01
8.664474487304687500e+01
8.608294677734375000e+01
8.603999328613281250e+01
8.606986236572265625e+01
8.623175048828125000e+01
8.650669097900390625e+01
8.733547973632812500e+01
8.751123046875000000e+01
8.697244262695312500e+01
8.609722137451171875e+01
8.596153259277343750e+01
8.595083618164062500e+01
8.594761657714843750e+01
8.593724060058593750e+01
8.593825531005859375e+01
8.596781921386718750e+01
8.599290466308593750e+01
8.598994445800781250e+01
8.594259643554687500e+01
8.587462615966796875e+01
8.596424865722656250e+01
8.607024383544921875e+01
8.609039306640625000e+01
8.632795715332031250e+01
5.959133911132812500e+01
8.365954589843750000e+01
8.357140350341796875e+01
8.366273498535156250e+01
8.478120422363281250e+01
8.525965118408203125e+01
8.521072387695312500e+01
8.441580963134765625e+01
8.346748352050781250e+01
8.340574645996093750e+01
8.342047119140625000e+01
8.346316528320312500e+01
8.349444580078125000e+01
8.354171752929687500e+01
8.361440277099609375e+01
8.366165161132812500e+01
8.372498321533203125e+01
8.411241149902343750e+01
8.543223571777343750e+01
8.604279327392578125e+01
7.413068389892578125e+01
7.411510467529296875e+01
7.427407836914062500e+01
7.456854248046875000e+01
4.368776702880859375e+01
6.082371139526367188e+01
4.570633697509765625e+01
4.561833953857421875e+01
8.027302551269531250e+01
8.005859375000000000e+01
7.974076843261718750e+01
7.959585571289062500e+01
5.534553909301757812e+01
7.970079040527343750e+01
7.963268280029296875e+01
6.769562530517578125e+01
5.524718475341796875e+01
5.529000854492187500e+01
5.540728759765625000e+01
5.997568130493164062e+01
5.979799652099609375e+01
7.189236450195312500e+01
7.191419982910156250e+01
7.193455505371093750e+01
7.196478271484375000e+01
7.195686340332031250e+01
7.194462585449218750e+01
8.394295501708984375e+01
8.377415466308593750e+01
5.527440261840820312e+01
6.720237731933593750e+01
6.716239166259765625e+01
7.902339935302734375e+01
7.868753051757812500e+01
7.825276184082031250e+01
5.028920745849609375e+01
6.227649688720703125e+01
7.196409606933593750e+01
7.188747406005859375e+01
8.438809204101562500e+01
8.565236663818359375e+01
8.585710906982421875e+01
8.558367919921875000e+01
8.437168121337890625e+01
8.385506439208984375e+01
8.385556793212890625e+01
8.388571929931640625e+01
8.392127990722656250e+01
8.393252563476562500e+01
8.390496826171875000e+01
8.384844207763671875e+01
8.382832336425781250e+01
8.386657714843750000e+01
8.392881774902343750e+01
8.399220275878906250e+01
8.405262756347656250e+01
8.408736419677734375e+01
8.416369628906250000e+01
8.441607666015625000e+01
8.472200012207031250e+01
8.477246856689453125e+01
8.477232360839843750e+01
8.475276184082031250e+01
8.472671508789062500e+01
8.471623229980468750e+01
8.467455291748046875e+01
8.433695983886718750e+01
8.217803955078125000e+01
8.170132446289062500e+01
8.157646942138671875e+01
8.153685760498046875e+01
8.196125793457031250e+01
8.235472106933593750e+01
8.237641143798828125e+01
8.235899353027343750e+01
8.236630249023437500e+01
8.243846130371093750e+01
8.250227355957031250e+01
8.251112365722656250e+01
8.247161865234375000e+01
8.238679504394531250e+01
8.227173614501953125e+01
8.214469909667968750e+01
8.207610321044921875e+01
8.207204437255859375e+01
8.211383056640625000e+01
8.214147186279296875e+01
8.216069030761718750e+01
8.218441772460937500e+01
8.213883972167968750e+01
8.207792663574218750e+01
8.204681396484375000e+01
8.205591583251953125e+01
8.208074188232421875e+01
8.211804962158203125e+01
8.213876342773437500e+01
8.211930084228515625e+01
8.206501770019531250e+01
8.193185424804687500e+01
8.173124694824218750e+01
8.168472290039062500e+01
8.187493896484375000e+01
8.341159820556640625e+01
8.367280578613281250e+01
8.365101623535156250e+01
8.321491241455078125e+01
8.136242675781250000e+01
8.108378601074218750e+01
8.108478546142578125e+01
8.112480926513671875e+01
8.122609710693359375e+01
8.134736633300781250e+01
8.146174621582031250e+01
6.952095031738281250e+01
6.943182373046875000e+01
6.921965026855468750e+01
6.905864715576171875e+01
6.896171569824218750e+01
6.888809967041015625e+01
6.889658355712890625e+01
6.902947998046875000e+01
6.916006469726562500e+01
8.118977355957031250e+01
8.099343109130859375e+01
6.882862854003906250e+01
6.875869750976562500e+01
8.081857299804687500e+01
8.098571777343750000e+01
8.118144226074218750e+01
8.126721191406250000e+01
8.111964416503906250e+01
8.094673156738281250e+01
8.085875701904296875e+01
8.083562469482421875e+01
8.086708068847656250e+01
8.123513031005859375e+01
8.126446533203125000e+01
8.096807098388671875e+01
8.081736755371093750e+01
8.075926208496093750e+01
8.072707366943359375e+01
8.072774505615234375e+01
6.174066162109375000e+01
8.102933502197265625e+01
8.147321319580078125e+01
8.160984802246093750e+01
8.128956604003906250e+01
8.090034484863281250e+01
8.081969451904296875e+01
6.877297973632812500e+01
6.884015655517578125e+01
8.095548248291015625e+01
8.103118133544921875e+01
8.105146789550781250e+01
8.101521301269531250e+01
8.092790985107421875e+01
8.081800079345703125e+01
6.876039123535156250e+01
8.085314941406250000e+01
8.098821258544921875e+01
8.110045623779296875e+01
8.116629028320312500e+01
8.116508483886718750e+01
8.108226013183593750e+01
8.095314025878906250e+01
8.053540802001953125e+01
8.037287902832031250e+01
8.200265502929687500e+01
8.158489990234375000e+01
7.932878112792968750e+01
7.897008514404296875e+01
7.898103332519531250e+01
7.900197601318359375e+01
7.901168823242187500e+01
7.903657531738281250e+01
7.907873535156250000e+01
7.912834167480468750e+01
7.917131042480468750e+01
7.924843597412109375e+01
7.996061706542968750e+01
8.148677062988281250e+01
8.245928192138671875e+01
8.166159820556640625e+01
4.811951065063476562e+01
4.804085540771484375e+01
6.508242034912109375e+01
6.495730590820312500e+01
6.007515716552734375e+01
