3.796024322509765625e+01
7.684017181396484375e+01
5.422534942626953125e+01
5.001752471923828125e+01
7.770706939697265625e+01
7.795878601074218750e+01
7.798394775390625000e+01
7.800964355468750000e+01
7.804002380371093750e+01
7.804507446289062500e+01
7.803223419189453125e+01
6.601955413818359375e+01
7.801665496826171875e+01
7.804018402099609375e+01
7.806612396240234375e+01
7.809096527099609375e+01
7.812197875976562500e+01
7.813368225097656250e+01
7.810911560058593750e+01
7.807394409179687500e+01
7.805628967285156250e+01
7.807180786132812500e+01
7.811566162109375000e+01
7.817881774902343750e+01
7.825473022460937500e+01
7.831175231933593750e+01
7.831011962890625000e+01
7.824949645996093750e+01
7.819516754150390625e+01
7.818630981445312500e+01
7.820398712158203125e+01
7.824193572998046875e+01
7.829806518554687500e+01
7.835977172851562500e+01
7.837879180908203125e+01
7.833963775634765625e+01
7.828189849853515625e+01
7.825090789794921875e+01
7.826300811767578125e+01
7.834255981445312500e+01
7.843685913085937500e+01
7.847990417480468750e+01
7.843182373046875000e+01
7.833327484130859375e+01
7.825238037109375000e+01
7.824350738525390625e+01
7.828414154052734375e+01
7.833178710937500000e+01
7.836646270751953125e+01
7.835890960693359375e+01
7.831324768066406250e+01
7.830101013183593750e+01
7.834602355957031250e+01
7.841929626464843750e+01
7.850077819824218750e+01
7.857321166992187500e+01
7.861064147949218750e+01
7.858196258544921875e+01
7.852035522460937500e+01
7.846763610839843750e+01
7.845251464843750000e+01
7.847186279296875000e+01
7.851214599609375000e+01
7.857166290283203125e+01
7.862544250488281250e+01
7.864485168457031250e+01
7.862483215332031250e+01
7.861560058593750000e+01
7.863356781005859375e+01
7.861997985839843750e+01
7.858691406250000000e+01
7.856970977783203125e+01
7.856623840332031250e+01
7.857472229003906250e+01
7.858876037597656250e+01
7.858013916015625000e+01
7.856505584716796875e+01
7.856895446777343750e+01
7.858168029785156250e+01
7.859777832031250000e+01
7.865080261230468750e+01
7.870767974853515625e+01
7.880162048339843750e+01
7.892613220214843750e+01
7.897430419921875000e+01
5.993218994140625000e+01
5.996026611328125000e+01
6.000463104248046875e+01
6.003296661376953125e+01
6.005498504638671875e+01
6.008991622924804688e+01
6.012641143798828125e+01
7.924586486816406250e+01
6.719396209716796875e+01
6.723842620849609375e+01
6.727786254882812500e+01
6.730092620849609375e+01
6.733087921142578125e+01
6.735758209228515625e+01
6.736355590820312500e+01
6.736016082763671875e+01
6.733321380615234375e+01
6.728690338134765625e+01
6.735625457763671875e+01
6.760569000244140625e+01
6.771508789062500000e+01
6.768412780761718750e+01
6.783408355712890625e+01
6.829206085205078125e+01
6.844228363037109375e+01
8.056179046630859375e+01
8.120600891113281250e+01
6.978513336181640625e+01
8.249945068359375000e+01
5.858412933349609375e+01
5.869441223144531250e+01
4.884645080566406250e+01
6.293803405761718750e+01
6.299536132812500000e+01
6.317716979980468750e+01
6.336757659912109375e+01
6.359469604492187500e+01
6.366544342041015625e+01
6.370198059082031250e+01
6.374941253662109375e+01
6.378956604003906250e+01
7.580091857910156250e+01
7.580907440185546875e+01
7.582680511474609375e+01
7.583780670166015625e+01
7.583798980712890625e+01
7.585092926025390625e+01
7.587738037109375000e+01
7.589719390869140625e+01
7.591720581054687500e+01
7.591239929199218750e+01
7.588063812255859375e+01
7.584036254882812500e+01
7.582324218750000000e+01
7.582223510742187500e+01
7.580899047851562500e+01
7.581277465820312500e+01
7.581932067871093750e+01
7.580461883544921875e+01
7.578392791748046875e+01
7.577918243408203125e+01
7.588114166259765625e+01
7.600939941406250000e+01
7.602778625488281250e+01
7.597726440429687500e+01
7.594078826904296875e+01
7.594210815429687500e+01
7.595913696289062500e+01
7.598271179199218750e+01
7.598603820800781250e+01
7.597689819335937500e+01
7.598213195800781250e+01
7.600769042968750000e+01
7.601558685302734375e+01
7.601206970214843750e+01
7.600702667236328125e+01
7.601130676269531250e+01
7.602485656738281250e+01
7.603427124023437500e+01
7.605473327636718750e+01
7.605997467041015625e+01
7.604605865478515625e+01
7.605751037597656250e+01
7.607779693603515625e+01
7.611351013183593750e+01
7.621089935302734375e+01
7.636000823974609375e+01
7.646923065185546875e+01
7.643601989746093750e+01
7.649690246582031250e+01
7.675010681152343750e+01
7.696998596191406250e+01
7.706922912597656250e+01
7.710517120361328125e+01
7.710150909423828125e+01
7.709647369384765625e+01
7.711943054199218750e+01
7.712839508056640625e+01
7.713656616210937500e+01
7.717450714111328125e+01
7.721511077880859375e+01
7.724000549316406250e+01
7.724581909179687500e+01
7.724106597900390625e+01
7.722161102294921875e+01
7.720304870605468750e+01
7.722691345214843750e+01
7.728587341308593750e+01
7.737348175048828125e+01
7.743642425537109375e+01
7.746559906005859375e+01
7.750426483154296875e+01
7.753989410400390625e+01
7.756641387939453125e+01
7.757647705078125000e+01
7.757545471191406250e+01
7.758399963378906250e+01
7.760245513916015625e+01
7.763520050048828125e+01
7.766967773437500000e+01
7.768809509277343750e+01
7.769092559814453125e+01
7.768968963623046875e+01
7.769525146484375000e+01
7.771699523925781250e+01
7.774784851074218750e+01
7.776042175292968750e+01
7.775359344482421875e+01
7.774243164062500000e+01
7.774076843261718750e+01
7.773694610595703125e+01
7.772409820556640625e+01
7.771509552001953125e+01
7.770631408691406250e+01
7.774279785156250000e+01
7.779605865478515625e+01
7.782153320312500000e+01
7.780944824218750000e+01
7.780477905273437500e+01
7.781199645996093750e+01
7.781748199462890625e+01
7.785643005371093750e+01
7.788213348388671875e+01
7.788296508789062500e+01
7.788948059082031250e+01
7.788746643066406250e+01
7.788838195800781250e+01
7.794536590576171875e+01
7.807594299316406250e+01
7.815352630615234375e+01
7.816479492187500000e+01
7.814955139160156250e+01
7.813404846191406250e+01
7.815920257568359375e+01
7.819613647460937500e+01
7.824190521240234375e+01
7.831997680664062500e+01
7.839786529541015625e+01
7.841050720214843750e+01
7.841591644287109375e+01
7.845503234863281250e+01
7.850911712646484375e+01
7.854396820068359375e+01
7.856939697265625000e+01
7.858941650390625000e+01
7.861608123779296875e+01
7.864952087402343750e+01
7.867656707763671875e+01
7.870402526855468750e+01
7.874045562744140625e+01
7.879512786865234375e+01
7.887162780761718750e+01
7.894586181640625000e+01
7.897514343261718750e+01
7.898119354248046875e+01
7.897944641113281250e+01
7.899626159667968750e+01
7.904096221923828125e+01
7.910205841064453125e+01
6.721012115478515625e+01
6.723593902587890625e+01
6.726625823974609375e+01
7.935052490234375000e+01
7.940955352783203125e+01
7.943625640869140625e+01
7.945867919921875000e+01
7.949879455566406250e+01
7.956118011474609375e+01
7.963188934326171875e+01
7.967311096191406250e+01
7.968473052978515625e+01
7.968938446044921875e+01
7.969042205810546875e+01
7.970275878906250000e+01
7.971296691894531250e+01
6.773742675781250000e+01
6.775756835937500000e+01
6.776936340332031250e+01
6.777728271484375000e+01
6.778865051269531250e+01
6.780181884765625000e+01
6.782958221435546875e+01
6.785444641113281250e+01
6.788903808593750000e+01
6.794583892822265625e+01
6.803819274902343750e+01
6.813134002685546875e+01
6.837547302246093750e+01
6.838981628417968750e+01
6.829133605957031250e+01
6.820162963867187500e+01
6.821240234375000000e+01
6.827973937988281250e+01
6.831002044677734375e+01
6.837788391113281250e+01
6.844400787353515625e+01
6.842298889160156250e+01
6.839572906494140625e+01
6.839280700683593750e+01
6.840152740478515625e+01
6.842442321777343750e+01
6.840910339355468750e+01
6.836591339111328125e+01
6.833450317382812500e+01
6.833586120605468750e+01
6.838767242431640625e+01
6.845378875732421875e+01
6.851591491699218750e+01
6.852986145019531250e+01
6.853880310058593750e+01
6.859177398681640625e+01
6.864988708496093750e+01
6.868226623535156250e+01
6.869425201416015625e+01
6.867700195312500000e+01
6.867331695556640625e+01
6.871738433837890625e+01
6.875952148437500000e+01
6.877719879150390625e+01
6.878896331787109375e+01
6.880880737304687500e+01
6.883390808105468750e+01
6.885514831542968750e+01
6.887570190429687500e+01
6.887760925292968750e+01
6.887879180908203125e+01
6.888000488281250000e+01
6.887532043457031250e+01
6.889410400390625000e+01
6.890277862548828125e+01
6.889250183105468750e+01
6.889460754394531250e+01
6.889644622802734375e+01
6.890104675292968750e+01
6.890219116210937500e+01
6.888378906250000000e+01
6.885746765136718750e+01
6.882797241210937500e+01
6.880986022949218750e+01
6.881108093261718750e+01
6.882569885253906250e+01
6.888106536865234375e+01
6.896308898925781250e+01
6.914668273925781250e+01
6.927551269531250000e+01
6.949778747558593750e+01
6.970774078369140625e+01
6.995991516113281250e+01
6.996990966796875000e+01
6.990071868896484375e+01
6.988519287109375000e+01
6.990186309814453125e+01
6.998303985595703125e+01
7.012729644775390625e+01
7.017927551269531250e+01
7.011814117431640625e+01
7.006060028076171875e+01
7.011265563964843750e+01
7.017295837402343750e+01
7.013748168945312500e+01
7.015663146972656250e+01
7.022993469238281250e+01
7.023799133300781250e+01
7.026633453369140625e+01
7.029731750488281250e+01
7.033080291748046875e+01
7.034737396240234375e+01
7.036715698242187500e+01
7.038764953613281250e+01
7.040585327148437500e+01
7.044068908691406250e+01
7.047644042968750000e+01
7.050547790527343750e+01
7.052322387695312500e+01
7.052253723144531250e+01
7.052669525146484375e+01
7.055050659179687500e+01
7.057586669921875000e+01
7.058236694335937500e+01
7.058721923828125000e+01
5.864723968505859375e+01
5.868598175048828125e+01
7.070022583007812500e+01
7.069464874267578125e+01
7.070861816406250000e+01
7.075864410400390625e+01
5.879067993164062500e+01
5.881623077392578125e+01
7.081315612792968750e+01
7.083876037597656250e+01
7.085562133789062500e+01
7.086042022705078125e+01
7.087181091308593750e+01
5.890306854248046875e+01
7.089924621582031250e+01
7.092156982421875000e+01
7.095484924316406250e+01
7.098249053955078125e+01
7.099330139160156250e+01
7.098973083496093750e+01
7.100956726074218750e+01
7.103898620605468750e+01
7.106977844238281250e+01
7.108576965332031250e+01
7.109260559082031250e+01
7.111332702636718750e+01
7.113973236083984375e+01
7.116971588134765625e+01
7.119307708740234375e+01
7.121133422851562500e+01
7.122048950195312500e+01
7.123596954345703125e+01
7.125853729248046875e+01
7.127363586425781250e+01
7.127106475830078125e+01
5.928056335449218750e+01
7.129644775390625000e+01
7.131247711181640625e+01
7.132695007324218750e+01
7.133975982666015625e+01
7.136268615722656250e+01
7.138977813720703125e+01
5.939539337158203125e+01
5.940496063232421875e+01
5.940670394897460938e+01
5.941259002685546875e+01
7.143836212158203125e+01
7.145529937744140625e+01
7.146847534179687500e+01
7.148233032226562500e+01
5.949559783935546875e+01
5.948017883300781250e+01
5.944861602783203125e+01
5.942451477050781250e+01
7.142835235595703125e+01
7.143714904785156250e+01
7.144302368164062500e+01
7.144122314453125000e+01
7.143296051025390625e+01
7.142743682861328125e+01
7.145468139648437500e+01
7.150746154785156250e+01
5.954882049560546875e+01
5.957408905029296875e+01
5.960326385498046875e+01
5.964202117919921875e+01
7.161361694335937500e+01
5.968942260742187500e+01
5.970729827880859375e+01
5.972947311401367188e+01
5.973369598388671875e+01
5.973718261718750000e+01
5.976184082031250000e+01
5.980176544189453125e+01
5.986478805541992188e+01
5.986435699462890625e+01
5.990508270263671875e+01
5.993677139282226562e+01
5.994719696044921875e+01
5.997680664062500000e+01
6.000396728515625000e+01
6.000229644775390625e+01
6.000902557373046875e+01
6.004050064086914062e+01
6.007621002197265625e+01
7.212131500244140625e+01
7.212850952148437500e+01
7.213349914550781250e+01
7.217132568359375000e+01
6.020587158203125000e+01
6.025288009643554688e+01
6.026889038085937500e+01
6.026689147949218750e+01
6.026185607910156250e+01
6.025285720825195312e+01
7.226556396484375000e+01
7.226351928710937500e+01
7.226754760742187500e+01
7.229171752929687500e+01
7.233679199218750000e+01
7.232447814941406250e+01
7.228535461425781250e+01
7.226911926269531250e+01
7.230175018310546875e+01
7.234661102294921875e+01
6.030383300781250000e+01
6.031284332275390625e+01
6.031860351562500000e+01
7.236982727050781250e+01
7.238137817382812500e+01
7.240834045410156250e+01
7.241645812988281250e+01
7.241082000732421875e+01
7.241885375976562500e+01
7.241268157958984375e+01
7.242066192626953125e+01
7.245481109619140625e+01
7.244000244140625000e+01
7.245017242431640625e+01
7.247618103027343750e+01
7.251055145263671875e+01
7.252809906005859375e+01
7.252368927001953125e+01
7.253536987304687500e+01
7.254823303222656250e+01
7.256988525390625000e+01
7.257583618164062500e+01
7.257118225097656250e+01
7.258146667480468750e+01
7.257986450195312500e+01
7.256320953369140625e+01
7.255953216552734375e+01
7.257036590576171875e+01
7.256141662597656250e+01
7.254972839355468750e+01
7.255635070800781250e+01
7.257976531982421875e+01
7.261866760253906250e+01
7.265095520019531250e+01
7.267039489746093750e+01
7.266963195800781250e+01
7.266680908203125000e+01
7.266134643554687500e+01
7.267156219482421875e+01
7.268063354492187500e+01
7.268074798583984375e+01
6.067132568359375000e+01
6.069368362426757812e+01
7.274243164062500000e+01
7.273750305175781250e+01
7.274348449707031250e+01
7.274916076660156250e+01
7.275474548339843750e+01
7.276252746582031250e+01
7.278118133544921875e+01
7.281233978271484375e+01
6.080598449707031250e+01
6.081686401367187500e+01
6.081355285644531250e+01
6.080887603759765625e+01
6.082485580444335938e+01
6.086688232421875000e+01
7.292314147949218750e+01
6.087909698486328125e+01
6.087287521362304688e+01
6.086739349365234375e+01
6.085368347167968750e+01
6.086731338500976562e+01
6.089967346191406250e+01
7.291423034667968750e+01
7.291971588134765625e+01
6.089075469970703125e+01
6.088549041748046875e+01
6.088718032836914062e+01
6.090482711791992188e+01
6.091088104248046875e+01
6.092602157592773438e+01
6.094005203247070312e+01
6.096862792968750000e+01
7.300682830810546875e+01
7.301499938964843750e+01
7.301594543457031250e+01
7.302251434326171875e+01
7.302605438232421875e+01
7.303817749023437500e+01
7.306999206542968750e+01
7.309164428710937500e+01
7.310418701171875000e+01
7.310586547851562500e+01
7.311556243896484375e+01
7.312496948242187500e+01
7.313314819335937500e+01
7.312773895263671875e+01
7.312046051025390625e+01
7.313693237304687500e+01
7.314245605468750000e+01
7.315162658691406250e+01
7.316048431396484375e+01
7.315977478027343750e+01
7.315071105957031250e+01
7.314497375488281250e+01
7.314275360107421875e+01
7.315797424316406250e+01
7.319256591796875000e+01
7.321324157714843750e+01
7.323235321044921875e+01
7.323932647705078125e+01
7.323339843750000000e+01
7.322478485107421875e+01
7.323866271972656250e+01
7.326611328125000000e+01
7.328641510009765625e+01
7.331890106201171875e+01
7.335686492919921875e+01
7.337249755859375000e+01
7.337030029296875000e+01
7.335717773437500000e+01
7.334635162353515625e+01
7.337181854248046875e+01
7.341246795654296875e+01
7.345621490478515625e+01
7.348291015625000000e+01
7.348858642578125000e+01
7.346853637695312500e+01
7.344244384765625000e+01
7.344235229492187500e+01
7.347387695312500000e+01
7.350564575195312500e+01
7.352230834960937500e+01
7.352258300781250000e+01
7.351275634765625000e+01
7.349453735351562500e+01
7.347414398193359375e+01
7.346894836425781250e+01
7.348974609375000000e+01
7.351329803466796875e+01
7.351952362060546875e+01
7.349783325195312500e+01
7.348402404785156250e+01
7.347804260253906250e+01
7.346879577636718750e+01
7.348936462402343750e+01
7.352711486816406250e+01
7.353912353515625000e+01
7.356302642822265625e+01
7.360265350341796875e+01
7.362617492675781250e+01
7.362609863281250000e+01
7.362013244628906250e+01
7.361619567871093750e+01
7.362197113037109375e+01
7.368171691894531250e+01
7.381286621093750000e+01
7.391770935058593750e+01
7.396753692626953125e+01
7.399205780029296875e+01
7.401376342773437500e+01
7.402052307128906250e+01
7.398325347900390625e+01
7.395688629150390625e+01
7.395631408691406250e+01
7.397372436523437500e+01
7.395787048339843750e+01
7.392294311523437500e+01
7.389086914062500000e+01
7.384375000000000000e+01
7.381548309326171875e+01
7.383198547363281250e+01
7.385450744628906250e+01
7.386782836914062500e+01
7.389442443847656250e+01
7.392771911621093750e+01
7.394757080078125000e+01
7.392456054687500000e+01
7.387355041503906250e+01
7.381723022460937500e+01
7.381016540527343750e+01
7.385549926757812500e+01
7.392015075683593750e+01
7.396684265136718750e+01
7.398178100585937500e+01
7.401110839843750000e+01
7.404629516601562500e+01
7.404930114746093750e+01
7.403793334960937500e+01
7.402494812011718750e+01
7.400514984130859375e+01
7.397105407714843750e+01
7.394203948974609375e+01
7.394854736328125000e+01
7.398055267333984375e+01
7.399984741210937500e+01
7.404252624511718750e+01
7.410137939453125000e+01
7.416187286376953125e+01
7.420433807373046875e+01
7.420996856689453125e+01
7.420415496826171875e+01
7.418333435058593750e+01
7.417066192626953125e+01
7.419306182861328125e+01
7.423872375488281250e+01
7.426298522949218750e+01
7.426074218750000000e+01
7.428572845458984375e+01
7.432977294921875000e+01
7.436159515380859375e+01
7.438679504394531250e+01
7.439595031738281250e+01
7.440142059326171875e+01
6.236164093017578125e+01
6.232745361328125000e+01
6.231112670898437500e+01
7.430274200439453125e+01
7.433236694335937500e+01
7.436802673339843750e+01
7.430857086181640625e+01
7.422554016113281250e+01
7.416224670410156250e+01
7.412749481201171875e+01
7.412464141845703125e+01
7.416699218750000000e+01
7.422527313232421875e+01
7.427374267578125000e+01
7.430567932128906250e+01
7.434883117675781250e+01
7.442681884765625000e+01
