5.556330871582031250e+01
5.556479644775390625e+01
5.557870101928710938e+01
5.559725952148437500e+01
5.560859680175781250e+01
5.561065673828125000e+01
6.265924835205078125e+01
5.576396179199218750e+01
5.573506927490234375e+01
5.573468017578125000e+01
4.107484436035156250e+01
5.677738189697265625e+01
5.683354568481445312e+01
5.681897735595703125e+01
6.887184906005859375e+01
6.889195251464843750e+01
6.891653442382812500e+01
6.892936706542968750e+01
6.895626831054687500e+01
6.900151062011718750e+01
6.901943969726562500e+01
6.904370880126953125e+01
6.906250762939453125e+01
6.907539367675781250e+01
6.908192443847656250e+01
6.909771728515625000e+01
6.912239837646484375e+01
6.914193725585937500e+01
6.915238189697265625e+01
6.915147399902343750e+01
6.914745330810546875e+01
6.915814208984375000e+01
6.917723083496093750e+01
6.919326019287109375e+01
6.919853973388671875e+01
6.919696807861328125e+01
6.920385742187500000e+01
6.920036315917968750e+01
6.919307708740234375e+01
6.919265747070312500e+01
6.919181823730468750e+01
6.918676757812500000e+01
6.918513488769531250e+01
6.918128967285156250e+01
6.918478393554687500e+01
6.918020629882812500e+01
6.916713714599609375e+01
6.915567016601562500e+01
6.915126800537109375e+01
6.915272521972656250e+01
6.915630340576171875e+01
6.916426086425781250e+01
6.916252136230468750e+01
6.916128540039062500e+01
6.916357421875000000e+01
6.916146850585937500e+01
6.917009735107421875e+01
6.918898010253906250e+01
6.920190429687500000e+01
6.920708465576171875e+01
6.921222686767578125e+01
6.921099853515625000e+01
6.920951843261718750e+01
6.920005035400390625e+01
6.918259429931640625e+01
6.918379211425781250e+01
6.919155883789062500e+01
6.918596649169921875e+01
6.918237304687500000e+01
6.918697357177734375e+01
6.918188476562500000e+01
6.916886901855468750e+01
6.916247558593750000e+01
6.916198730468750000e+01
6.917211914062500000e+01
6.917475128173828125e+01
6.917446899414062500e+01
6.917472076416015625e+01
6.917448425292968750e+01
6.915969085693359375e+01
6.914550018310546875e+01
6.915296173095703125e+01
6.917356872558593750e+01
6.918552398681640625e+01
6.918647766113281250e+01
6.917865753173828125e+01
6.917247009277343750e+01
6.916594696044921875e+01
6.916146850585937500e+01
6.916484832763671875e+01
6.916229248046875000e+01
6.916279602050781250e+01
6.916062927246093750e+01
6.916530609130859375e+01
6.916838836669921875e+01
6.916239929199218750e+01
6.915635681152343750e+01
6.915882873535156250e+01
6.915585327148437500e+01
6.915373229980468750e+01
6.915492248535156250e+01
6.915573120117187500e+01
6.915007019042968750e+01
6.913756561279296875e+01
6.912788391113281250e+01
6.913143157958984375e+01
6.914073181152343750e+01
6.915168762207031250e+01
6.915071105957031250e+01
6.913652038574218750e+01
6.912781524658203125e+01
6.912714385986328125e+01
6.913056945800781250e+01
6.912670898437500000e+01
6.911701202392578125e+01
6.910742187500000000e+01
6.910671997070312500e+01
6.911166381835937500e+01
6.912165832519531250e+01
6.911144256591796875e+01
6.910549926757812500e+01
6.910655212402343750e+01
6.910669708251953125e+01
6.910736846923828125e+01
6.911404418945312500e+01
6.910483551025390625e+01
6.908325958251953125e+01
6.906143951416015625e+01
6.905543518066406250e+01
6.906258392333984375e+01
6.907460784912109375e+01
6.907611846923828125e+01
6.907043457031250000e+01
6.906271362304687500e+01
6.906082153320312500e+01
6.906169128417968750e+01
6.906195068359375000e+01
6.906392669677734375e+01
6.906567382812500000e+01
6.906390380859375000e+01
6.905983734130859375e+01
6.906293487548828125e+01
6.906085968017578125e+01
6.906143951416015625e+01
6.905773162841796875e+01
6.905258178710937500e+01
6.905925750732421875e+01
6.906338500976562500e+01
6.906501007080078125e+01
6.905966949462890625e+01
6.906119537353515625e+01
6.906142425537109375e+01
6.906224060058593750e+01
6.907302093505859375e+01
6.908123779296875000e+01
6.908158111572265625e+01
6.908016967773437500e+01
6.908434295654296875e+01
6.907505798339843750e+01
6.906729888916015625e+01
6.907017517089843750e+01
6.907440185546875000e+01
6.907545471191406250e+01
6.906068420410156250e+01
6.905157470703125000e+01
6.904887390136718750e+01
6.905339050292968750e+01
6.905201721191406250e+01
6.905099487304687500e+01
6.904452514648437500e+01
6.903794860839843750e+01
6.902793884277343750e+01
6.901663208007812500e+01
6.900807189941406250e+01
6.899651336669921875e+01
6.897997283935546875e+01
6.896524047851562500e+01
6.896149444580078125e+01
6.895389556884765625e+01
6.897462463378906250e+01
6.898646545410156250e+01
6.898332977294921875e+01
6.898406982421875000e+01
6.899526977539062500e+01
6.901164245605468750e+01
6.901921844482421875e+01
6.903550720214843750e+01
6.905393981933593750e+01
6.908081817626953125e+01
6.910897827148437500e+01
6.911763000488281250e+01
6.911026000976562500e+01
6.910762023925781250e+01
6.910919189453125000e+01
6.911293029785156250e+01
6.911770629882812500e+01
6.911442565917968750e+01
6.910876464843750000e+01
6.911372375488281250e+01
6.911679077148437500e+01
6.910774230957031250e+01
6.909532165527343750e+01
6.908395385742187500e+01
6.907405090332031250e+01
6.907974243164062500e+01
6.909674072265625000e+01
6.910110473632812500e+01
6.909916687011718750e+01
6.911207580566406250e+01
6.913137054443359375e+01
6.914111328125000000e+01
6.913155364990234375e+01
6.910910034179687500e+01
6.909292602539062500e+01
6.909049224853515625e+01
6.909957885742187500e+01
6.911143493652343750e+01
6.911096954345703125e+01
6.910935211181640625e+01
6.910562133789062500e+01
6.910540008544921875e+01
6.910585021972656250e+01
6.909668731689453125e+01
6.908799743652343750e+01
6.908930206298828125e+01
6.909636688232421875e+01
6.911619567871093750e+01
6.912149047851562500e+01
6.910910034179687500e+01
6.909762573242187500e+01
6.908026123046875000e+01
6.906803131103515625e+01
6.907064819335937500e+01
6.907121276855468750e+01
6.905354309082031250e+01
6.904874420166015625e+01
6.904680633544921875e+01
6.905065155029296875e+01
6.905805969238281250e+01
6.905339050292968750e+01
6.904581451416015625e+01
6.904711914062500000e+01
6.905033874511718750e+01
6.905833435058593750e+01
6.905155944824218750e+01
6.902511596679687500e+01
6.900160217285156250e+01
6.900857543945312500e+01
6.902834320068359375e+01
6.903332519531250000e+01
6.904127502441406250e+01
6.905978393554687500e+01
6.908067321777343750e+01
6.908648681640625000e+01
6.907298278808593750e+01
6.906224822998046875e+01
6.906524658203125000e+01
6.906686401367187500e+01
6.906822204589843750e+01
6.907023620605468750e+01
6.906381225585937500e+01
6.906050872802734375e+01
6.905826568603515625e+01
6.906094360351562500e+01
6.906068420410156250e+01
6.906761932373046875e+01
6.907598114013671875e+01
6.908808898925781250e+01
6.912056732177734375e+01
6.913423156738281250e+01
6.907598876953125000e+01
6.894522857666015625e+01
6.886756134033203125e+01
6.886174011230468750e+01
6.888497924804687500e+01
6.888369750976562500e+01
6.889839172363281250e+01
6.894247436523437500e+01
6.900323486328125000e+01
6.897657775878906250e+01
6.897886657714843750e+01
6.900056457519531250e+01
6.898875427246093750e+01
6.897485351562500000e+01
6.900085449218750000e+01
6.900621032714843750e+01
6.903061676025390625e+01
6.903207397460937500e+01
6.901287841796875000e+01
6.900418090820312500e+01
6.899792480468750000e+01
6.897285461425781250e+01
6.899088287353515625e+01
6.901211547851562500e+01
6.900944519042968750e+01
6.901985931396484375e+01
6.902433013916015625e+01
6.901663208007812500e+01
6.901065063476562500e+01
6.901652526855468750e+01
6.903640747070312500e+01
6.906045532226562500e+01
6.907339477539062500e+01
6.906530761718750000e+01
6.905599975585937500e+01
6.906776428222656250e+01
6.905191802978515625e+01
6.901963043212890625e+01
6.903659820556640625e+01
6.904533386230468750e+01
6.904605865478515625e+01
6.902536010742187500e+01
6.901811981201171875e+01
6.902657318115234375e+01
6.901421356201171875e+01
6.902338409423828125e+01
6.900373840332031250e+01
6.899588012695312500e+01
6.902120971679687500e+01
6.900481414794921875e+01
6.899251556396484375e+01
6.899004364013671875e+01
6.897944641113281250e+01
6.898999023437500000e+01
6.899084472656250000e+01
6.899308776855468750e+01
6.900813293457031250e+01
6.898735046386718750e+01
6.897763061523437500e+01
6.898809814453125000e+01
6.896637725830078125e+01
6.896069335937500000e+01
6.896628570556640625e+01
6.895421600341796875e+01
6.895817565917968750e+01
6.899026489257812500e+01
6.897909545898437500e+01
6.898287963867187500e+01
6.898982238769531250e+01
6.897579956054687500e+01
6.896994018554687500e+01
6.896195220947265625e+01
6.897274017333984375e+01
6.898046875000000000e+01
6.896701049804687500e+01
6.898390960693359375e+01
6.896633911132812500e+01
6.894815063476562500e+01
6.896711730957031250e+01
6.894026947021484375e+01
6.897201538085937500e+01
6.907065582275390625e+01
6.908773803710937500e+01
6.910274505615234375e+01
6.919105529785156250e+01
6.906265258789062500e+01
6.899404907226562500e+01
6.905105590820312500e+01
6.901760101318359375e+01
6.906164550781250000e+01
6.896490478515625000e+01
6.895529937744140625e+01
6.890910339355468750e+01
6.894717407226562500e+01
6.895169067382812500e+01
6.895232391357421875e+01
6.897607421875000000e+01
6.896579742431640625e+01
6.896218872070312500e+01
6.897058105468750000e+01
6.896749877929687500e+01
6.899095916748046875e+01
6.899348449707031250e+01
6.899076843261718750e+01
6.900576019287109375e+01
6.896751403808593750e+01
6.892100524902343750e+01
6.887368011474609375e+01
6.882687377929687500e+01
6.880824279785156250e+01
6.879811859130859375e+01
6.882320404052734375e+01
6.885960388183593750e+01
6.889859008789062500e+01
6.898189544677734375e+01
6.897895050048828125e+01
6.895161437988281250e+01
6.889167785644531250e+01
6.879598999023437500e+01
6.874858093261718750e+01
6.869957733154296875e+01
6.866463470458984375e+01
6.871773529052734375e+01
6.870639038085937500e+01
6.878605651855468750e+01
6.882363891601562500e+01
6.882432556152343750e+01
6.877495574951171875e+01
6.869172668457031250e+01
6.861860656738281250e+01
6.857135009765625000e+01
6.853723144531250000e+01
6.857502746582031250e+01
6.868003082275390625e+01
6.874560546875000000e+01
6.884466552734375000e+01
6.889314270019531250e+01
6.878153991699218750e+01
6.871415710449218750e+01
6.877210998535156250e+01
6.881216430664062500e+01
6.887470245361328125e+01
6.895507812500000000e+01
6.907769775390625000e+01
6.919240570068359375e+01
6.919989013671875000e+01
6.903044891357421875e+01
6.882437896728515625e+01
6.869132995605468750e+01
6.864794158935546875e+01
6.867202758789062500e+01
6.877691650390625000e+01
6.896862792968750000e+01
6.891041564941406250e+01
6.862704467773437500e+01
6.846436309814453125e+01
6.853015136718750000e+01
6.859544372558593750e+01
6.878805541992187500e+01
6.886675262451171875e+01
6.878981018066406250e+01
6.855842590332031250e+01
6.847097778320312500e+01
6.848141479492187500e+01
6.845349121093750000e+01
6.841709899902343750e+01
6.853833770751953125e+01
