5.823858642578125000e+01
6.374382781982421875e+01
6.397592163085937500e+01
6.411106872558593750e+01
7.617230224609375000e+01
7.617998504638671875e+01
7.620211791992187500e+01
7.621120452880859375e+01
7.620215606689453125e+01
7.617385101318359375e+01
7.613995361328125000e+01
7.613566589355468750e+01
7.614400482177734375e+01
7.617408752441406250e+01
7.619680786132812500e+01
7.622056579589843750e+01
7.624531555175781250e+01
7.626276397705078125e+01
7.625886535644531250e+01
7.623258972167968750e+01
7.619785308837890625e+01
7.616948699951171875e+01
7.615261077880859375e+01
7.617661285400390625e+01
7.621879577636718750e+01
7.625529479980468750e+01
7.627758789062500000e+01
7.628351593017578125e+01
7.628631591796875000e+01
7.628743743896484375e+01
7.628316497802734375e+01
7.627798461914062500e+01
7.627197265625000000e+01
7.627307128906250000e+01
7.627484130859375000e+01
7.627863311767578125e+01
7.628747558593750000e+01
7.630763244628906250e+01
7.632844543457031250e+01
7.634201812744140625e+01
7.635331726074218750e+01
7.637635803222656250e+01
7.639534759521484375e+01
7.642672729492187500e+01
7.645270538330078125e+01
7.644184875488281250e+01
7.641099548339843750e+01
7.642361450195312500e+01
7.641470336914062500e+01
7.641940307617187500e+01
7.646094512939453125e+01
7.651733398437500000e+01
7.647874450683593750e+01
7.646055603027343750e+01
5.318105316162109375e+01
5.311141967773437500e+01
7.794128417968750000e+01
5.829566955566406250e+01
5.824392700195312500e+01
6.535408020019531250e+01
7.739071655273437500e+01
7.735508728027343750e+01
7.736572265625000000e+01
7.737503051757812500e+01
7.741557312011718750e+01
7.749226379394531250e+01
7.754132843017578125e+01
7.757378387451171875e+01
7.759777832031250000e+01
7.761456298828125000e+01
7.764068603515625000e+01
7.763526153564453125e+01
7.763637542724609375e+01
7.767601013183593750e+01
7.773222351074218750e+01
7.780818176269531250e+01
7.790242004394531250e+01
7.793216705322265625e+01
7.791744995117187500e+01
7.790585327148437500e+01
7.791237640380859375e+01
7.794536590576171875e+01
7.798492431640625000e+01
7.800882720947265625e+01
7.801658630371093750e+01
7.802809143066406250e+01
7.803398132324218750e+01
7.805261230468750000e+01
7.809197998046875000e+01
7.812351989746093750e+01
7.813951873779296875e+01
7.815462493896484375e+01
7.817729187011718750e+01
7.818341064453125000e+01
7.819343566894531250e+01
7.820999908447265625e+01
7.821888732910156250e+01
7.822891998291015625e+01
7.825017547607421875e+01
7.828271484375000000e+01
7.830194091796875000e+01
7.830772399902343750e+01
7.830578613281250000e+01
7.830888366699218750e+01
7.831427001953125000e+01
7.831610107421875000e+01
7.831717681884765625e+01
7.831677246093750000e+01
7.832288360595703125e+01
7.834041595458984375e+01
7.835579681396484375e+01
7.836152648925781250e+01
7.836081695556640625e+01
7.835363769531250000e+01
7.834262847900390625e+01
7.833586120605468750e+01
7.834397888183593750e+01
7.835952758789062500e+01
7.835725402832031250e+01
7.834547424316406250e+01
7.833213043212890625e+01
7.832076263427734375e+01
7.831922912597656250e+01
7.833354949951171875e+01
7.836148071289062500e+01
7.838225555419921875e+01
7.838305664062500000e+01
7.838607788085937500e+01
7.842575073242187500e+01
7.853016662597656250e+01
7.868475341796875000e+01
7.888475036621093750e+01
7.900706481933593750e+01
7.906610107421875000e+01
7.910164642333984375e+01
7.906983184814453125e+01
7.904853057861328125e+01
7.910638427734375000e+01
7.919258117675781250e+01
7.922870635986328125e+01
7.922998046875000000e+01
7.923146820068359375e+01
7.923500823974609375e+01
7.924359130859375000e+01
7.925730895996093750e+01
7.925584411621093750e+01
7.923465728759765625e+01
7.925082397460937500e+01
7.930345153808593750e+01
7.934548187255859375e+01
7.936831665039062500e+01
7.936460876464843750e+01
7.936219787597656250e+01
7.937452697753906250e+01
7.940059661865234375e+01
7.943502044677734375e+01
7.945825958251953125e+01
7.946692657470703125e+01
7.948382568359375000e+01
7.952121734619140625e+01
7.955118560791015625e+01
7.956176757812500000e+01
7.957073974609375000e+01
7.959095764160156250e+01
7.961249542236328125e+01
7.962759399414062500e+01
7.963903808593750000e+01
7.964785003662109375e+01
7.965073394775390625e+01
7.965077972412109375e+01
7.964920806884765625e+01
7.965927886962890625e+01
7.967977142333984375e+01
7.969458007812500000e+01
7.970198059082031250e+01
7.969748687744140625e+01
7.969580841064453125e+01
7.970851135253906250e+01
7.971923828125000000e+01
7.972035217285156250e+01
7.971422576904296875e+01
7.970981597900390625e+01
7.971522521972656250e+01
7.972357940673828125e+01
7.973525238037109375e+01
7.973576354980468750e+01
7.972860717773437500e+01
7.972525787353515625e+01
7.973228454589843750e+01
7.974172210693359375e+01
7.974600982666015625e+01
7.975216674804687500e+01
7.976333618164062500e+01
7.976917266845703125e+01
6.779666900634765625e+01
7.979629516601562500e+01
7.981532287597656250e+01
7.982682800292968750e+01
7.982923126220703125e+01
7.982131958007812500e+01
7.981501770019531250e+01
7.981468200683593750e+01
7.982086181640625000e+01
7.982112884521484375e+01
6.080789184570312500e+01
6.082265853881835938e+01
6.084182739257812500e+01
7.986311340332031250e+01
7.987427520751953125e+01
7.987606811523437500e+01
7.988604736328125000e+01
7.990607452392578125e+01
7.991165161132812500e+01
7.990626525878906250e+01
7.990531921386718750e+01
7.991313171386718750e+01
7.992134857177734375e+01
7.992900848388671875e+01
7.993760681152343750e+01
7.995237731933593750e+01
7.997707366943359375e+01
7.999539947509765625e+01
8.000730133056640625e+01
8.001143646240234375e+01
8.000968170166015625e+01
8.000434875488281250e+01
8.000086212158203125e+01
7.999788665771484375e+01
7.999783325195312500e+01
8.000511932373046875e+01
8.001982879638671875e+01
8.003343963623046875e+01
8.004055023193359375e+01
6.804067993164062500e+01
8.004162597656250000e+01
8.004530334472656250e+01
6.804416656494140625e+01
8.004371643066406250e+01
8.004042816162109375e+01
8.003974151611328125e+01
8.003379821777343750e+01
8.002527618408203125e+01
8.000541687011718750e+01
