6.265550231933593750e+01
6.542829132080078125e+01
6.476541137695312500e+01
6.437945556640625000e+01
6.437724304199218750e+01
6.442402648925781250e+01
6.450263977050781250e+01
6.460055541992187500e+01
6.470511627197265625e+01
6.481398010253906250e+01
6.490325927734375000e+01
6.498535156250000000e+01
6.516720581054687500e+01
5.340015792846679688e+01
6.935482788085937500e+01
8.087181854248046875e+01
7.954931640625000000e+01
6.722708892822265625e+01
6.711036682128906250e+01
6.708592224121093750e+01
6.711164093017578125e+01
6.719341278076171875e+01
6.737786865234375000e+01
6.745496368408203125e+01
6.742457580566406250e+01
6.726499938964843750e+01
6.700875854492187500e+01
6.690377807617187500e+01
6.690934753417968750e+01
6.697862243652343750e+01
6.706811523437500000e+01
6.719004821777343750e+01
6.727449035644531250e+01
6.730277252197265625e+01
6.728597259521484375e+01
6.721444702148437500e+01
6.705784606933593750e+01
6.690161132812500000e+01
6.684106445312500000e+01
6.685286712646484375e+01
6.693572998046875000e+01
6.709280395507812500e+01
6.726618957519531250e+01
6.734976196289062500e+01
6.733100891113281250e+01
6.721937561035156250e+01
6.702884674072265625e+01
6.691925811767578125e+01
6.694433593750000000e+01
6.702293395996093750e+01
6.715888977050781250e+01
6.733734893798828125e+01
6.742324829101562500e+01
6.739127349853515625e+01
6.720761871337890625e+01
6.699278259277343750e+01
6.692776489257812500e+01
6.691539764404296875e+01
6.697168731689453125e+01
6.708193206787109375e+01
6.719982910156250000e+01
6.720240020751953125e+01
6.707763671875000000e+01
6.698162078857421875e+01
6.692658996582031250e+01
6.693365478515625000e+01
6.702318572998046875e+01
6.713174438476562500e+01
6.722274780273437500e+01
6.724651336669921875e+01
6.721578979492187500e+01
6.725349426269531250e+01
7.995592498779296875e+01
6.872225952148437500e+01
7.930731201171875000e+01
6.684506988525390625e+01
6.679666137695312500e+01
6.673372650146484375e+01
6.665779876708984375e+01
6.665893554687500000e+01
6.673355865478515625e+01
6.676412200927734375e+01
6.673877716064453125e+01
6.662253570556640625e+01
6.642018890380859375e+01
6.635823059082031250e+01
6.630874633789062500e+01
6.627867126464843750e+01
6.642806243896484375e+01
6.665695190429687500e+01
6.676320648193359375e+01
6.665759277343750000e+01
6.646128082275390625e+01
6.637104034423828125e+01
6.634829711914062500e+01
6.635741424560546875e+01
6.638617706298828125e+01
6.649118041992187500e+01
6.661384582519531250e+01
6.661561584472656250e+01
6.646831512451171875e+01
6.636271667480468750e+01
6.629119110107421875e+01
6.626653289794921875e+01
6.628606414794921875e+01
6.641139221191406250e+01
6.661041259765625000e+01
6.675491333007812500e+01
6.671252441406250000e+01
6.656515502929687500e+01
6.641927337646484375e+01
6.630634307861328125e+01
6.623733520507812500e+01
6.621875000000000000e+01
6.634129333496093750e+01
6.657031250000000000e+01
6.670639038085937500e+01
6.669010925292968750e+01
6.653989410400390625e+01
6.635525512695312500e+01
6.621043395996093750e+01
6.617007446289062500e+01
6.624756622314453125e+01
6.642950439453125000e+01
6.660413360595703125e+01
6.668946838378906250e+01
6.666976928710937500e+01
6.647658538818359375e+01
6.623992156982421875e+01
6.609254455566406250e+01
6.607444000244140625e+01
6.615772247314453125e+01
6.636412811279296875e+01
6.657033538818359375e+01
6.666484069824218750e+01
6.659477233886718750e+01
6.642816925048828125e+01
6.626535797119140625e+01
6.620682525634765625e+01
6.623809814453125000e+01
6.634136962890625000e+01
6.649922943115234375e+01
6.661075592041015625e+01
6.660715484619140625e+01
6.649913787841796875e+01
6.636763763427734375e+01
6.630676269531250000e+01
6.629624176025390625e+01
6.630841064453125000e+01
6.634934997558593750e+01
6.639089202880859375e+01
6.641990661621093750e+01
6.644703674316406250e+01
6.645435333251953125e+01
6.647654724121093750e+01
6.657661437988281250e+01
6.672520446777343750e+01
6.683130645751953125e+01
6.675584411621093750e+01
6.669519805908203125e+01
6.612040710449218750e+01
6.216279602050781250e+01
6.202040863037109375e+01
6.186810302734375000e+01
6.200754547119140625e+01
6.725817871093750000e+01
6.656525421142578125e+01
6.653930664062500000e+01
6.651976013183593750e+01
6.638253784179687500e+01
6.621864318847656250e+01
6.613312530517578125e+01
6.617168426513671875e+01
6.633608245849609375e+01
6.648961639404296875e+01
6.647810363769531250e+01
6.649188995361328125e+01
6.657640075683593750e+01
6.667038726806640625e+01
6.668800354003906250e+01
6.665337371826171875e+01
6.657374572753906250e+01
6.644817352294921875e+01
6.635833740234375000e+01
6.632656097412109375e+01
6.634411621093750000e+01
6.640203857421875000e+01
6.647306823730468750e+01
6.652448272705078125e+01
6.653417968750000000e+01
6.651663970947265625e+01
6.650032043457031250e+01
6.649410247802734375e+01
6.649952697753906250e+01
6.652545166015625000e+01
6.657089996337890625e+01
6.660595703125000000e+01
6.661616516113281250e+01
6.661168670654296875e+01
6.659144592285156250e+01
6.656461334228515625e+01
6.654035949707031250e+01
6.653602600097656250e+01
6.655473327636718750e+01
6.656418609619140625e+01
