7.368305969238281250e+01
7.372815704345703125e+01
7.371797180175781250e+01
7.369843292236328125e+01
7.368293762207031250e+01
7.366399383544921875e+01
7.367871856689453125e+01
7.374533081054687500e+01
7.381896972656250000e+01
7.386278533935546875e+01
7.390959167480468750e+01
7.397018432617187500e+01
7.403625488281250000e+01
7.407392883300781250e+01
7.407992553710937500e+01
7.407900238037109375e+01
7.408482360839843750e+01
7.409455871582031250e+01
7.409068298339843750e+01
7.408583068847656250e+01
7.408664703369140625e+01
7.408158111572265625e+01
7.407525634765625000e+01
7.407368469238281250e+01
7.407497406005859375e+01
7.408056640625000000e+01
7.407704162597656250e+01
7.406169128417968750e+01
7.405552673339843750e+01
7.405074310302734375e+01
7.404957580566406250e+01
7.406553649902343750e+01
7.408809661865234375e+01
7.410597229003906250e+01
7.411089324951171875e+01
7.410071563720703125e+01
7.408416748046875000e+01
7.406904602050781250e+01
7.406707000732421875e+01
7.406912231445312500e+01
7.407006072998046875e+01
7.407362365722656250e+01
7.406958770751953125e+01
7.406555938720703125e+01
7.406549072265625000e+01
7.406759643554687500e+01
7.407007598876953125e+01
7.406729888916015625e+01
7.405949401855468750e+01
7.405526733398437500e+01
7.405855560302734375e+01
7.406169891357421875e+01
7.405172729492187500e+01
7.404325866699218750e+01
7.404887390136718750e+01
7.406037902832031250e+01
7.407516479492187500e+01
7.408435821533203125e+01
7.408900451660156250e+01
7.408054351806640625e+01
7.406545257568359375e+01
7.405577087402343750e+01
7.405577087402343750e+01
7.405357360839843750e+01
7.405207824707031250e+01
7.405992126464843750e+01
7.407033538818359375e+01
7.406953430175781250e+01
7.405638885498046875e+01
7.404811096191406250e+01
7.405278778076171875e+01
7.405853271484375000e+01
7.405144500732421875e+01
7.404204559326171875e+01
7.403793334960937500e+01
7.403419494628906250e+01
7.402696228027343750e+01
7.401380920410156250e+01
7.400174713134765625e+01
7.400167846679687500e+01
7.400186157226562500e+01
7.400622558593750000e+01
7.400724792480468750e+01
7.399818420410156250e+01
7.399641418457031250e+01
7.399640655517578125e+01
7.399492645263671875e+01
7.399599456787109375e+01
7.399735260009765625e+01
7.400525665283203125e+01
7.401306915283203125e+01
7.401654052734375000e+01
7.400902557373046875e+01
7.400029754638671875e+01
7.400145721435546875e+01
7.401260375976562500e+01
7.403912353515625000e+01
7.404884338378906250e+01
7.403611755371093750e+01
7.402017974853515625e+01
7.400918579101562500e+01
7.399830627441406250e+01
7.398453521728515625e+01
7.398983764648437500e+01
7.400411987304687500e+01
7.401585388183593750e+01
7.401530456542968750e+01
7.400268554687500000e+01
7.399464416503906250e+01
7.399574279785156250e+01
7.399580383300781250e+01
7.399765014648437500e+01
7.400328063964843750e+01
7.400727844238281250e+01
7.400714111328125000e+01
7.400320434570312500e+01
7.399425506591796875e+01
7.397456359863281250e+01
7.394741821289062500e+01
7.392630004882812500e+01
7.392656707763671875e+01
7.392880249023437500e+01
7.392693328857421875e+01
7.392237091064453125e+01
7.391773986816406250e+01
7.391607666015625000e+01
7.391661071777343750e+01
7.393251037597656250e+01
7.395762634277343750e+01
7.399017333984375000e+01
7.401107788085937500e+01
7.400350952148437500e+01
7.397827148437500000e+01
7.396008300781250000e+01
7.396141815185546875e+01
7.397799682617187500e+01
7.399397277832031250e+01
7.401033020019531250e+01
7.403520202636718750e+01
7.404595184326171875e+01
7.402745056152343750e+01
7.400511169433593750e+01
7.399818420410156250e+01
7.400308990478515625e+01
7.400405883789062500e+01
7.399336242675781250e+01
7.399256896972656250e+01
7.399777984619140625e+01
7.398097991943359375e+01
7.395001983642578125e+01
7.392140960693359375e+01
7.392764282226562500e+01
7.395623779296875000e+01
7.397229003906250000e+01
7.397880554199218750e+01
7.398155212402343750e+01
7.398811340332031250e+01
7.398466491699218750e+01
7.397100830078125000e+01
7.396305084228515625e+01
7.397216033935546875e+01
7.398799133300781250e+01
7.399752044677734375e+01
7.400764465332031250e+01
7.401907348632812500e+01
7.401623535156250000e+01
7.400126647949218750e+01
7.399423217773437500e+01
7.399810791015625000e+01
7.400613403320312500e+01
7.401358795166015625e+01
7.401764678955078125e+01
7.402205657958984375e+01
7.401387023925781250e+01
7.397985839843750000e+01
7.395114135742187500e+01
7.394747161865234375e+01
7.396189880371093750e+01
7.398197937011718750e+01
7.399200439453125000e+01
7.399408721923828125e+01
7.399256134033203125e+01
7.398608398437500000e+01
7.397566223144531250e+01
7.397010803222656250e+01
7.397651672363281250e+01
7.399272155761718750e+01
7.400373840332031250e+01
7.402685546875000000e+01
7.405242919921875000e+01
7.405266571044921875e+01
7.403270721435546875e+01
7.399863433837890625e+01
7.398233795166015625e+01
7.398487091064453125e+01
7.398646545410156250e+01
7.398851013183593750e+01
7.399023437500000000e+01
7.398223114013671875e+01
7.396211242675781250e+01
7.394967651367187500e+01
7.395198059082031250e+01
7.396036529541015625e+01
7.397471618652343750e+01
7.398150634765625000e+01
7.398960876464843750e+01
7.399847412109375000e+01
7.399395751953125000e+01
7.397556304931640625e+01
7.396663665771484375e+01
7.396678924560546875e+01
7.396924591064453125e+01
7.397044372558593750e+01
7.397204589843750000e+01
7.397792053222656250e+01
7.397674560546875000e+01
7.396652984619140625e+01
7.396064758300781250e+01
7.396791076660156250e+01
7.398467254638671875e+01
7.399673461914062500e+01
7.399798583984375000e+01
7.400695800781250000e+01
