6.746337127685546875e+01
6.762127685546875000e+01
6.888085937500000000e+01
6.905521392822265625e+01
6.937515258789062500e+01
6.912705993652343750e+01
7.858943939208984375e+01
6.039921569824218750e+01
6.726040649414062500e+01
7.968098449707031250e+01
8.097694396972656250e+01
8.185249328613281250e+01
8.201293182373046875e+01
8.148533630371093750e+01
8.121343994140625000e+01
8.056288909912109375e+01
7.949876403808593750e+01
7.941279602050781250e+01
7.942773437500000000e+01
7.939596557617187500e+01
7.933039855957031250e+01
7.925943756103515625e+01
7.922381591796875000e+01
7.922519683837890625e+01
7.924748229980468750e+01
7.929356384277343750e+01
7.933509063720703125e+01
7.936257934570312500e+01
7.938859558105468750e+01
7.942193603515625000e+01
7.945677947998046875e+01
7.959395599365234375e+01
8.062732696533203125e+01
8.168553161621093750e+01
8.149029541015625000e+01
8.114266967773437500e+01
6.197566986083984375e+01
6.204396057128906250e+01
6.210514831542968750e+01
6.213928985595703125e+01
6.211794281005859375e+01
6.211377716064453125e+01
6.222166442871093750e+01
6.285197448730468750e+01
6.897998046875000000e+01
6.934118652343750000e+01
6.915766906738281250e+01
6.054024124145507812e+01
7.946823883056640625e+01
7.942115020751953125e+01
7.940046691894531250e+01
7.943558502197265625e+01
7.947988891601562500e+01
7.947593688964843750e+01
7.941510772705078125e+01
7.934439086914062500e+01
7.930162048339843750e+01
7.928618621826171875e+01
7.928112792968750000e+01
7.927053833007812500e+01
7.925492858886718750e+01
7.923808288574218750e+01
7.922496032714843750e+01
7.920096588134765625e+01
7.915611267089843750e+01
7.909648132324218750e+01
7.902481842041015625e+01
7.894543457031250000e+01
7.888277435302734375e+01
7.879349517822265625e+01
7.867161560058593750e+01
7.855711364746093750e+01
7.845252227783203125e+01
7.837335205078125000e+01
7.824590301513671875e+01
7.803510284423828125e+01
7.832192230224609375e+01
7.869815063476562500e+01
7.916513061523437500e+01
8.024026489257812500e+01
8.003937530517578125e+01
7.864888000488281250e+01
7.721675109863281250e+01
7.797229003906250000e+01
7.902119445800781250e+01
7.906813049316406250e+01
7.864413452148437500e+01
7.938854980468750000e+01
7.992184448242187500e+01
7.823619079589843750e+01
6.525599670410156250e+01
6.533082580566406250e+01
6.536524963378906250e+01
6.536260223388671875e+01
7.734131622314453125e+01
7.726831054687500000e+01
7.719805908203125000e+01
7.715133666992187500e+01
7.717462921142578125e+01
7.730574035644531250e+01
7.746312713623046875e+01
7.753050231933593750e+01
6.555375671386718750e+01
6.553901672363281250e+01
6.538307189941406250e+01
6.521932983398437500e+01
7.704644775390625000e+01
7.707414245605468750e+01
7.721908569335937500e+01
7.733457183837890625e+01
7.740203094482421875e+01
6.540917205810546875e+01
7.727267456054687500e+01
7.707070159912109375e+01
7.688853454589843750e+01
7.686340332031250000e+01
7.707843017578125000e+01
7.731434631347656250e+01
6.540608215332031250e+01
6.539965820312500000e+01
6.526853942871093750e+01
7.706677246093750000e+01
7.685432434082031250e+01
7.672587585449218750e+01
7.684591674804687500e+01
7.705903625488281250e+01
7.725833129882812500e+01
7.731565856933593750e+01
7.725045013427734375e+01
7.711980438232421875e+01
7.696175384521484375e+01
7.683569335937500000e+01
7.689110565185546875e+01
7.709532165527343750e+01
7.729908752441406250e+01
7.735500335693359375e+01
6.531987762451171875e+01
7.723092651367187500e+01
7.702629089355468750e+01
7.678555297851562500e+01
7.671446990966796875e+01
7.688088989257812500e+01
7.710668182373046875e+01
7.735166931152343750e+01
7.459574127197265625e+01
7.413383483886718750e+01
7.388089752197265625e+01
7.358020019531250000e+01
7.337675476074218750e+01
7.370527648925781250e+01
7.371386718750000000e+01
7.378924560546875000e+01
7.407514953613281250e+01
