6.261847686767578125e+01
6.246770477294921875e+01
6.246736145019531250e+01
6.256227111816406250e+01
6.249432373046875000e+01
6.235845184326171875e+01
6.228556060791015625e+01
6.225375366210937500e+01
6.224412536621093750e+01
6.223807525634765625e+01
6.222164916992187500e+01
6.220388031005859375e+01
6.219187164306640625e+01
6.216347503662109375e+01
6.213819885253906250e+01
6.214178466796875000e+01
6.218989562988281250e+01
6.227960968017578125e+01
6.235167694091796875e+01
6.230830383300781250e+01
6.224641418457031250e+01
6.222418212890625000e+01
6.220355224609375000e+01
6.219792175292968750e+01
7.422374725341796875e+01
6.227523803710937500e+01
7.429853057861328125e+01
7.433712768554687500e+01
7.441053771972656250e+01
7.451525878906250000e+01
7.468994903564453125e+01
7.485729980468750000e+01
7.494555664062500000e+01
7.502717590332031250e+01
8.702134704589843750e+01
7.517695617675781250e+01
6.273896789550781250e+01
6.272773742675781250e+01
7.578544616699218750e+01
7.573984527587890625e+01
7.571633148193359375e+01
8.767195129394531250e+01
8.757238006591796875e+01
7.548625946044921875e+01
7.546199798583984375e+01
7.549647521972656250e+01
7.552920532226562500e+01
7.553117370605468750e+01
7.549679565429687500e+01
7.543713378906250000e+01
8.738301086425781250e+01
8.734760284423828125e+01
8.736887359619140625e+01
8.741636657714843750e+01
7.543603515625000000e+01
8.742515563964843750e+01
8.738650512695312500e+01
8.733531188964843750e+01
8.730438232421875000e+01
8.731321716308593750e+01
8.733914947509765625e+01
8.734700012207031250e+01
8.733868408203125000e+01
8.732546234130859375e+01
8.730793762207031250e+01
8.728958129882812500e+01
8.728740692138671875e+01
8.731016540527343750e+01
8.733317565917968750e+01
8.734329223632812500e+01
8.733845520019531250e+01
8.732466125488281250e+01
8.730976104736328125e+01
8.730334472656250000e+01
8.730388641357421875e+01
8.730632019042968750e+01
8.730664062500000000e+01
8.730159759521484375e+01
8.728516387939453125e+01
8.726602172851562500e+01
8.726042175292968750e+01
8.726506042480468750e+01
8.727082824707031250e+01
8.727856445312500000e+01
8.728122711181640625e+01
8.728366851806640625e+01
8.728273773193359375e+01
8.727905273437500000e+01
8.726620483398437500e+01
8.726173400878906250e+01
8.726393127441406250e+01
8.726856994628906250e+01
8.727580261230468750e+01
8.727351379394531250e+01
8.726940917968750000e+01
8.726200103759765625e+01
8.725231170654296875e+01
8.725270080566406250e+01
8.726382446289062500e+01
8.726167297363281250e+01
8.725376129150390625e+01
8.723610687255859375e+01
8.720744323730468750e+01
8.716160583496093750e+01
8.710150909423828125e+01
7.505088806152343750e+01
7.500817871093750000e+01
8.695841217041015625e+01
8.691111755371093750e+01
8.687158203125000000e+01
8.683347320556640625e+01
8.679608154296875000e+01
8.676341247558593750e+01
8.672378540039062500e+01
8.666268157958984375e+01
7.457972717285156250e+01
8.649424743652343750e+01
8.644256591796875000e+01
8.642652130126953125e+01
8.641727447509765625e+01
8.663964080810546875e+01
8.746377563476562500e+01
8.775195312500000000e+01
8.759205627441406250e+01
8.671113586425781250e+01
8.634398651123046875e+01
8.634349822998046875e+01
8.634963989257812500e+01
8.636722564697265625e+01
8.676979064941406250e+01
8.758317565917968750e+01
8.773440551757812500e+01
8.700873565673828125e+01
8.627984619140625000e+01
8.625013732910156250e+01
8.628685760498046875e+01
8.629985809326171875e+01
8.629750061035156250e+01
8.628812408447265625e+01
8.624058532714843750e+01
7.415703582763671875e+01
8.609989166259765625e+01
7.415205383300781250e+01
8.628777313232421875e+01
8.638645172119140625e+01
8.637580871582031250e+01
8.630072784423828125e+01
8.620775604248046875e+01
8.609489440917968750e+01
8.600035858154296875e+01
8.608061218261718750e+01
8.622146606445312500e+01
8.628480529785156250e+01
8.626477050781250000e+01
8.619569396972656250e+01
8.621993255615234375e+01
8.639159393310546875e+01
8.676691436767578125e+01
8.669396972656250000e+01
8.397471618652343750e+01
8.382451629638671875e+01
8.379919433593750000e+01
8.430123138427734375e+01
8.534530639648437500e+01
8.549651336669921875e+01
8.542384338378906250e+01
8.412798309326171875e+01
8.388622283935546875e+01
8.355776977539062500e+01
8.343627929687500000e+01
8.335255432128906250e+01
8.337241363525390625e+01
8.347929382324218750e+01
5.568600463867187500e+01
5.939724731445312500e+01
5.934934234619140625e+01
8.330943298339843750e+01
8.325643920898437500e+01
8.326142883300781250e+01
8.337371826171875000e+01
5.941561126708984375e+01
5.584462738037109375e+01
4.711666488647460938e+01
4.708663940429687500e+01
