4.585160827636718750e+01
4.585575103759765625e+01
4.584461975097656250e+01
4.581782913208007812e+01
4.580751800537109375e+01
5.362682342529296875e+01
5.364371109008789062e+01
5.365899658203125000e+01
4.585177612304687500e+01
4.584585571289062500e+01
4.583071899414062500e+01
4.582142639160156250e+01
4.581677246093750000e+01
7.542942047119140625e+01
4.582677841186523438e+01
4.582620620727539062e+01
4.581983184814453125e+01
4.580986022949218750e+01
4.579900360107421875e+01
5.943400573730468750e+01
5.942675781250000000e+01
5.625026321411132812e+01
4.576285171508789062e+01
6.331112670898437500e+01
6.334508514404296875e+01
6.340818786621093750e+01
6.438523864746093750e+01
6.544801330566406250e+01
6.575014495849609375e+01
7.859169006347656250e+01
9.123713684082031250e+01
9.135890197753906250e+01
9.169740295410156250e+01
9.238430786132812500e+01
6.044394683837890625e+01
7.509394836425781250e+01
7.508549499511718750e+01
9.403091430664062500e+01
9.368827819824218750e+01
7.452927398681640625e+01
7.454814147949218750e+01
7.453167724609375000e+01
7.451264953613281250e+01
7.453333282470703125e+01
7.464490509033203125e+01
7.474955749511718750e+01
7.476210021972656250e+01
7.475414276123046875e+01
7.474343872070312500e+01
8.675305938720703125e+01
8.675631713867187500e+01
8.675016784667968750e+01
8.673821258544921875e+01
8.672187805175781250e+01
8.669654083251953125e+01
8.666842651367187500e+01
8.665119171142578125e+01
8.667408752441406250e+01
8.670764160156250000e+01
8.672367858886718750e+01
8.675654602050781250e+01
8.678895568847656250e+01
8.668897247314453125e+01
8.663377380371093750e+01
7.462504577636718750e+01
8.665946197509765625e+01
8.674620056152343750e+01
8.684164428710937500e+01
8.685650634765625000e+01
8.677870178222656250e+01
8.666940307617187500e+01
8.664489746093750000e+01
8.668138885498046875e+01
8.670336914062500000e+01
8.670843505859375000e+01
8.670888519287109375e+01
8.668777465820312500e+01
8.664199829101562500e+01
7.460863494873046875e+01
7.460995483398437500e+01
8.663796997070312500e+01
8.665709686279296875e+01
8.665827941894531250e+01
8.663611602783203125e+01
7.460636138916015625e+01
7.458806610107421875e+01
7.459152984619140625e+01
7.461080169677734375e+01
8.663542938232421875e+01
8.664057922363281250e+01
8.663816833496093750e+01
7.462451171875000000e+01
7.461620330810546875e+01
7.460166168212890625e+01
7.459262084960937500e+01
7.460575866699218750e+01
7.462364196777343750e+01
7.463455200195312500e+01
8.664204406738281250e+01
8.663681793212890625e+01
8.664102935791015625e+01
8.666725921630859375e+01
8.669683837890625000e+01
8.672592926025390625e+01
7.476069641113281250e+01
7.480810546875000000e+01
8.684726715087890625e+01
8.686360168457031250e+01
8.686978912353515625e+01
8.687548065185546875e+01
8.689099121093750000e+01
8.690722656250000000e+01
8.690003967285156250e+01
8.687989807128906250e+01
8.687101745605468750e+01
8.687589263916015625e+01
8.688883209228515625e+01
8.689862823486328125e+01
8.690733337402343750e+01
8.692551422119140625e+01
8.694345092773437500e+01
8.695159912109375000e+01
8.694934082031250000e+01
8.693846130371093750e+01
8.692892456054687500e+01
8.693521118164062500e+01
8.695339202880859375e+01
8.697270202636718750e+01
8.698226928710937500e+01
8.698027801513671875e+01
8.696759796142578125e+01
8.695304870605468750e+01
8.694819641113281250e+01
8.695404052734375000e+01
8.696694946289062500e+01
7.498397827148437500e+01
7.499419403076171875e+01
7.499617004394531250e+01
7.499309539794921875e+01
7.498744201660156250e+01
8.697730255126953125e+01
8.697457885742187500e+01
8.698305511474609375e+01
7.499743652343750000e+01
7.501745605468750000e+01
7.503485870361328125e+01
7.504878997802734375e+01
7.505834960937500000e+01
7.506346130371093750e+01
7.507089996337890625e+01
8.709012603759765625e+01
8.711122131347656250e+01
8.712895965576171875e+01
8.713635253906250000e+01
8.713293457031250000e+01
8.712313842773437500e+01
8.711225891113281250e+01
8.710794830322265625e+01
8.711524963378906250e+01
8.713350677490234375e+01
8.714704895019531250e+01
8.714950561523437500e+01
8.714896392822265625e+01
8.714409637451171875e+01
8.713699340820312500e+01
8.713555908203125000e+01
8.713941192626953125e+01
8.715457916259765625e+01
8.717222595214843750e+01
8.718627929687500000e+01
8.719707489013671875e+01
8.720833587646484375e+01
8.721772003173828125e+01
8.722898864746093750e+01
8.724040985107421875e+01
8.725035095214843750e+01
8.726219177246093750e+01
8.727005767822265625e+01
8.727253723144531250e+01
8.727023315429687500e+01
8.725981140136718750e+01
8.725263977050781250e+01
8.725195312500000000e+01
8.725553131103515625e+01
8.726379394531250000e+01
8.727004241943359375e+01
8.727168273925781250e+01
8.727196502685546875e+01
8.727427673339843750e+01
8.727722167968750000e+01
8.728278350830078125e+01
8.729386138916015625e+01
8.730844116210937500e+01
8.732189941406250000e+01
8.732525634765625000e+01
8.732530212402343750e+01
8.732969665527343750e+01
8.733747863769531250e+01
8.734609985351562500e+01
8.735594940185546875e+01
8.737319946289062500e+01
8.738513183593750000e+01
8.739115905761718750e+01
8.739871978759765625e+01
8.740861511230468750e+01
8.741636657714843750e+01
8.742472839355468750e+01
8.743773651123046875e+01
7.545030975341796875e+01
7.546441650390625000e+01
7.547484588623046875e+01
7.548429107666015625e+01
7.549047851562500000e+01
7.549821472167968750e+01
7.550874328613281250e+01
7.551712036132812500e+01
7.553256225585937500e+01
7.555322265625000000e+01
8.758645629882812500e+01
8.760599517822265625e+01
8.761784362792968750e+01
8.763141632080078125e+01
8.764213562011718750e+01
8.765740966796875000e+01
8.767706298828125000e+01
8.769706726074218750e+01
8.771958160400390625e+01
8.774737548828125000e+01
8.776774597167968750e+01
8.778048706054687500e+01
8.778978729248046875e+01
8.780078125000000000e+01
8.782002258300781250e+01
8.784054565429687500e+01
8.786570739746093750e+01
8.788780212402343750e+01
7.590061187744140625e+01
7.592588806152343750e+01
7.595686340332031250e+01
7.600352478027343750e+01
8.806755828857421875e+01
8.813856506347656250e+01
8.827592468261718750e+01
7.641159057617187500e+01
8.850656127929687500e+01
8.857648468017578125e+01
8.866493225097656250e+01
8.881596374511718750e+01
7.623971557617187500e+01
7.609249877929687500e+01
7.645108795166015625e+01
7.650616455078125000e+01
6.950325775146484375e+01
