5.021884155273437500e+01
7.178175354003906250e+01
7.182180786132812500e+01
7.411342620849609375e+01
7.429840087890625000e+01
7.422004699707031250e+01
8.599665832519531250e+01
8.498837280273437500e+01
8.414911651611328125e+01
8.412497711181640625e+01
7.215693664550781250e+01
7.217128753662109375e+01
8.419029998779296875e+01
8.421469879150390625e+01
8.420944976806640625e+01
8.418563079833984375e+01
8.415513610839843750e+01
8.410832214355468750e+01
8.407334899902343750e+01
8.405729675292968750e+01
8.405210876464843750e+01
8.413565826416015625e+01
8.449384307861328125e+01
8.481634521484375000e+01
6.661760711669921875e+01
6.683447265625000000e+01
6.680188751220703125e+01
6.670157623291015625e+01
6.665122985839843750e+01
7.859507751464843750e+01
5.025368499755859375e+01
6.224968719482421875e+01
5.956452178955078125e+01
5.995378112792968750e+01
8.461058044433593750e+01
8.557418823242187500e+01
8.598129272460937500e+01
8.597303771972656250e+01
8.584061431884765625e+01
8.518560791015625000e+01
8.416742706298828125e+01
7.202539062500000000e+01
7.209468078613281250e+01
8.406872558593750000e+01
8.398797607421875000e+01
8.390747833251953125e+01
8.385626220703125000e+01
8.386802673339843750e+01
8.395419311523437500e+01
8.405220031738281250e+01
7.213865661621093750e+01
8.416522216796875000e+01
8.412168884277343750e+01
8.402473449707031250e+01
8.390443420410156250e+01
8.382666778564453125e+01
8.380074310302734375e+01
8.383685302734375000e+01
8.390395355224609375e+01
8.395895385742187500e+01
8.394264984130859375e+01
8.383732604980468750e+01
8.366158294677734375e+01
8.352014160156250000e+01
8.355438995361328125e+01
8.375060272216796875e+01
8.395947265625000000e+01
8.400031280517578125e+01
8.384891510009765625e+01
8.366680908203125000e+01
8.354984283447265625e+01
8.354618835449218750e+01
8.371620178222656250e+01
8.382761383056640625e+01
8.385456848144531250e+01
8.376395416259765625e+01
8.362598419189453125e+01
8.348921966552734375e+01
8.340223693847656250e+01
8.347389221191406250e+01
8.362483215332031250e+01
8.366166687011718750e+01
8.362789154052734375e+01
8.358318328857421875e+01
8.356181335449218750e+01
8.364760589599609375e+01
8.391497802734375000e+01
8.417658233642578125e+01
8.429906463623046875e+01
8.434017944335937500e+01
8.435865783691406250e+01
8.436747741699218750e+01
8.438905334472656250e+01
8.447702026367187500e+01
8.459750366210937500e+01
8.465720367431640625e+01
8.466519165039062500e+01
8.464292907714843750e+01
8.461466979980468750e+01
8.459352874755859375e+01
8.458860015869140625e+01
8.459093475341796875e+01
8.459244537353515625e+01
8.459083557128906250e+01
8.458619689941406250e+01
8.459116363525390625e+01
8.459651184082031250e+01
8.460591125488281250e+01
8.461232757568359375e+01
8.461341094970703125e+01
8.454161071777343750e+01
8.440832519531250000e+01
8.463882446289062500e+01
8.493080139160156250e+01
8.477696228027343750e+01
8.471791076660156250e+01
8.472274780273437500e+01
8.471789550781250000e+01
8.467727661132812500e+01
8.463248443603515625e+01
8.460218048095703125e+01
8.456592559814453125e+01
8.438187408447265625e+01
8.423937225341796875e+01
8.450604248046875000e+01
8.484605407714843750e+01
8.479236602783203125e+01
8.464456939697265625e+01
8.457383728027343750e+01
8.453111267089843750e+01
8.450198364257812500e+01
7.251039123535156250e+01
7.253484344482421875e+01
7.252668762207031250e+01
7.250742340087890625e+01
8.447043609619140625e+01
8.434732055664062500e+01
8.427120208740234375e+01
8.452694702148437500e+01
8.496965026855468750e+01
8.510155487060546875e+01
8.453204345703125000e+01
8.441020202636718750e+01
8.442568969726562500e+01
8.441811370849609375e+01
8.445270538330078125e+01
8.455262756347656250e+01
8.463292694091796875e+01
8.462903594970703125e+01
8.458283996582031250e+01
8.442293548583984375e+01
8.423614501953125000e+01
8.433153533935546875e+01
8.464173126220703125e+01
8.474613189697265625e+01
8.452570343017578125e+01
8.450746917724609375e+01
8.450110626220703125e+01
8.446853637695312500e+01
8.445708465576171875e+01
8.447084045410156250e+01
8.447621917724609375e+01
8.449366760253906250e+01
7.251612091064453125e+01
8.454459381103515625e+01
8.460182952880859375e+01
8.465434265136718750e+01
8.468219757080078125e+01
8.465614318847656250e+01
8.447695922851562500e+01
8.418528747558593750e+01
8.424673461914062500e+01
8.454315185546875000e+01
8.498179626464843750e+01
7.317264556884765625e+01
7.328963470458984375e+01
7.338763427734375000e+01
7.347521972656250000e+01
7.353317260742187500e+01
7.348710632324218750e+01
8.540367126464843750e+01
8.540236663818359375e+01
7.350218200683593750e+01
7.352064514160156250e+01
