4.998323822021484375e+01
4.998358154296875000e+01
6.891446685791015625e+01
6.886445617675781250e+01
6.874339294433593750e+01
6.102752685546875000e+01
6.091333770751953125e+01
6.777886199951171875e+01
6.757663726806640625e+01
7.943476104736328125e+01
6.749378967285156250e+01
7.998498535156250000e+01
8.309172821044921875e+01
7.209375762939453125e+01
7.211454772949218750e+01
5.052168273925781250e+01
6.946144866943359375e+01
6.932120513916015625e+01
6.926341247558593750e+01
6.933081817626953125e+01
6.946267700195312500e+01
6.960652160644531250e+01
6.962691497802734375e+01
6.953721618652343750e+01
6.943164825439453125e+01
6.934393310546875000e+01
6.928022766113281250e+01
6.924868011474609375e+01
6.926016998291015625e+01
6.930599212646484375e+01
6.932434844970703125e+01
6.932897949218750000e+01
6.933316040039062500e+01
6.931454467773437500e+01
6.925727844238281250e+01
6.920829772949218750e+01
6.922180175781250000e+01
6.924407958984375000e+01
6.927615356445312500e+01
6.930359649658203125e+01
6.930735778808593750e+01
6.930317687988281250e+01
6.931639099121093750e+01
6.933235168457031250e+01
6.932385253906250000e+01
6.930364990234375000e+01
6.929798889160156250e+01
6.931113433837890625e+01
6.931886291503906250e+01
6.931221771240234375e+01
6.929870605468750000e+01
6.929077148437500000e+01
6.929373168945312500e+01
6.929110717773437500e+01
6.928590393066406250e+01
6.927699279785156250e+01
6.926917266845703125e+01
6.926161193847656250e+01
6.925289916992187500e+01
6.926489257812500000e+01
6.928350067138671875e+01
6.929354858398437500e+01
6.929035186767578125e+01
6.927371215820312500e+01
6.925319671630859375e+01
6.925317382812500000e+01
6.925461578369140625e+01
6.923844146728515625e+01
6.922453308105468750e+01
6.922351074218750000e+01
6.926084899902343750e+01
6.932170104980468750e+01
6.931714630126953125e+01
6.927557373046875000e+01
6.925759887695312500e+01
6.925892639160156250e+01
6.926272583007812500e+01
6.926403045654296875e+01
6.926214599609375000e+01
6.925576782226562500e+01
6.924726867675781250e+01
6.923905944824218750e+01
6.923861694335937500e+01
6.924139404296875000e+01
6.924342346191406250e+01
6.925119018554687500e+01
6.926208496093750000e+01
6.926213073730468750e+01
6.925671386718750000e+01
6.924562072753906250e+01
6.925210571289062500e+01
6.926768493652343750e+01
6.927886962890625000e+01
6.928671264648437500e+01
6.929042053222656250e+01
6.929513549804687500e+01
6.929112243652343750e+01
6.928102111816406250e+01
6.927468109130859375e+01
6.926982879638671875e+01
6.926919555664062500e+01
6.926257324218750000e+01
6.926232910156250000e+01
6.926211547851562500e+01
6.925731658935546875e+01
6.925646209716796875e+01
6.926593780517578125e+01
6.927628326416015625e+01
6.926824951171875000e+01
6.926173400878906250e+01
6.927928161621093750e+01
6.929373168945312500e+01
6.930128479003906250e+01
6.930511474609375000e+01
6.930987548828125000e+01
6.931469726562500000e+01
6.931671142578125000e+01
6.931616210937500000e+01
6.931094360351562500e+01
6.930580139160156250e+01
6.929487609863281250e+01
6.928120422363281250e+01
6.927494049072265625e+01
6.928062438964843750e+01
6.928275299072265625e+01
6.927948760986328125e+01
6.928701782226562500e+01
6.928860473632812500e+01
6.928439331054687500e+01
6.928717041015625000e+01
6.930117797851562500e+01
6.931573486328125000e+01
6.933067321777343750e+01
6.935127258300781250e+01
6.938611602783203125e+01
6.937362670898437500e+01
6.931040191650390625e+01
6.921640014648437500e+01
6.912425231933593750e+01
6.905409240722656250e+01
6.903161621093750000e+01
6.905786132812500000e+01
6.912940979003906250e+01
6.924317932128906250e+01
6.936796569824218750e+01
6.945780944824218750e+01
6.946568298339843750e+01
6.936918640136718750e+01
6.923665618896484375e+01
6.912043762207031250e+01
6.907190704345703125e+01
8.111603546142578125e+01
8.124812316894531250e+01
8.144676971435546875e+01
8.157369995117187500e+01
8.150270080566406250e+01
8.127926635742187500e+01
8.110929870605468750e+01
8.103518676757812500e+01
8.105329132080078125e+01
8.116818237304687500e+01
8.130856323242187500e+01
8.137242126464843750e+01
8.123248291015625000e+01
8.108693695068359375e+01
8.100057220458984375e+01
8.099726104736328125e+01
8.112438964843750000e+01
8.133072662353515625e+01
8.150986480712890625e+01
8.149002075195312500e+01
8.132156372070312500e+01
8.111684417724609375e+01
8.102159118652343750e+01
6.901448059082031250e+01
8.109619140625000000e+01
8.125435638427734375e+01
8.142227172851562500e+01
8.140034484863281250e+01
8.121948242187500000e+01
8.104693603515625000e+01
8.094255065917968750e+01
8.092483520507812500e+01
8.102510070800781250e+01
8.121307373046875000e+01
8.140653228759765625e+01
8.146235656738281250e+01
8.137615966796875000e+01
8.118978881835937500e+01
8.100216674804687500e+01
8.089210510253906250e+01
8.086178588867187500e+01
8.101554870605468750e+01
8.126700592041015625e+01
8.142945098876953125e+01
8.148084259033203125e+01
8.144759368896484375e+01
8.130615997314453125e+01
8.104631805419921875e+01
8.090019989013671875e+01
8.086266326904296875e+01
8.089106750488281250e+01
8.102070617675781250e+01
8.124629974365234375e+01
8.137593841552734375e+01
8.141173553466796875e+01
8.134593200683593750e+01
8.117926025390625000e+01
8.093505096435546875e+01
8.078372192382812500e+01
8.075110626220703125e+01
8.092327880859375000e+01
8.121328735351562500e+01
8.132929992675781250e+01
8.133558654785156250e+01
8.120732879638671875e+01
8.109989166259765625e+01
8.090890502929687500e+01
8.076043701171875000e+01
8.080442047119140625e+01
8.099591064453125000e+01
8.117262268066406250e+01
8.120418548583984375e+01
8.112467193603515625e+01
8.089607238769531250e+01
8.068159484863281250e+01
8.066906738281250000e+01
8.084914398193359375e+01
8.110530090332031250e+01
8.125176239013671875e+01
8.125373077392578125e+01
8.112095642089843750e+01
8.087836456298828125e+01
8.070469665527343750e+01
6.868836975097656250e+01
6.883567810058593750e+01
6.903363037109375000e+01
6.215779876708984375e+01
6.901699066162109375e+01
6.874160766601562500e+01
6.854302978515625000e+01
6.854829406738281250e+01
6.870744323730468750e+01
6.896220397949218750e+01
6.215023040771484375e+01
6.210501098632812500e+01
6.874191284179687500e+01
6.850871276855468750e+01
6.848685455322265625e+01
6.863110351562500000e+01
6.890529632568359375e+01
6.910739898681640625e+01
6.212495422363281250e+01
6.886988067626953125e+01
6.854734802246093750e+01
6.846123504638671875e+01
6.855429077148437500e+01
6.881736755371093750e+01
6.903801727294921875e+01
6.217106628417968750e+01
6.886251831054687500e+01
6.862876892089843750e+01
6.840107727050781250e+01
6.828339385986328125e+01
5.296928405761718750e+01
5.305294418334960938e+01
6.266438293457031250e+01
5.296497344970703125e+01
5.293955612182617188e+01
6.764476776123046875e+01
6.762921142578125000e+01
6.763563537597656250e+01
6.265322875976562500e+01
