6.232583618164062500e+01
6.227871704101562500e+01
6.223911285400390625e+01
6.216290283203125000e+01
6.169373321533203125e+01
6.165113830566406250e+01
6.191594696044921875e+01
6.216224670410156250e+01
6.232310485839843750e+01
6.246645355224609375e+01
6.651908111572265625e+01
8.021327972412109375e+01
8.132264709472656250e+01
8.088809204101562500e+01
7.961945343017578125e+01
6.731916809082031250e+01
6.721474456787109375e+01
7.912698364257812500e+01
6.706375122070312500e+01
6.704253387451171875e+01
6.704577636718750000e+01
6.706539154052734375e+01
6.703145599365234375e+01
6.690858459472656250e+01
6.676582336425781250e+01
6.670860290527343750e+01
6.669396972656250000e+01
6.676662445068359375e+01
6.690319824218750000e+01
6.706809997558593750e+01
6.713391876220703125e+01
6.716062927246093750e+01
6.714591217041015625e+01
6.710708618164062500e+01
6.704492187500000000e+01
6.699626922607421875e+01
6.701705932617187500e+01
6.702040100097656250e+01
6.700833129882812500e+01
6.701495361328125000e+01
6.703328704833984375e+01
6.704875946044921875e+01
6.704501342773437500e+01
6.703255462646484375e+01
6.703413391113281250e+01
6.702677154541015625e+01
6.702841949462890625e+01
6.703268432617187500e+01
6.702938842773437500e+01
6.700462341308593750e+01
6.700102233886718750e+01
6.703501892089843750e+01
6.711047363281250000e+01
6.719760131835937500e+01
6.729126739501953125e+01
6.736170196533203125e+01
7.935224914550781250e+01
6.052855682373046875e+01
7.891430664062500000e+01
4.517132949829101562e+01
6.035207366943359375e+01
6.020458602905273438e+01
6.709049224853515625e+01
6.717720794677734375e+01
6.716541290283203125e+01
7.900430297851562500e+01
7.853478240966796875e+01
5.635301208496093750e+01
7.882155609130859375e+01
7.760259246826171875e+01
6.511177062988281250e+01
6.508651733398437500e+01
7.710343933105468750e+01
7.708162689208984375e+01
7.705799865722656250e+01
7.698041534423828125e+01
6.482791137695312500e+01
6.473123168945312500e+01
6.469499206542968750e+01
6.467108154296875000e+01
6.472467803955078125e+01
6.482971191406250000e+01
6.495706176757812500e+01
6.507698059082031250e+01
6.496638488769531250e+01
6.493752288818359375e+01
6.473778533935546875e+01
6.461502838134765625e+01
6.462718200683593750e+01
6.472502899169921875e+01
6.484741973876953125e+01
6.498954010009765625e+01
6.509235382080078125e+01
6.507183837890625000e+01
6.496492004394531250e+01
6.485580444335937500e+01
6.472332763671875000e+01
6.464894866943359375e+01
6.470225524902343750e+01
6.483136749267578125e+01
6.495050048828125000e+01
6.505203247070312500e+01
6.509838104248046875e+01
6.504504394531250000e+01
6.491129302978515625e+01
6.479571533203125000e+01
6.471092224121093750e+01
6.470401000976562500e+01
6.478748321533203125e+01
6.490115356445312500e+01
6.501285552978515625e+01
6.509082031250000000e+01
6.506421661376953125e+01
6.494787597656250000e+01
6.478699493408203125e+01
6.470553588867187500e+01
6.473577880859375000e+01
6.482784271240234375e+01
6.492037200927734375e+01
6.500492095947265625e+01
6.506233978271484375e+01
6.503977966308593750e+01
6.493690490722656250e+01
6.481545257568359375e+01
6.475340270996093750e+01
6.478806304931640625e+01
6.485428619384765625e+01
6.494740295410156250e+01
6.503192901611328125e+01
6.506312561035156250e+01
6.501348114013671875e+01
6.489723968505859375e+01
6.481098175048828125e+01
6.481423187255859375e+01
6.484303283691406250e+01
6.486833190917968750e+01
6.493231964111328125e+01
6.501174926757812500e+01
6.506017303466796875e+01
6.504578399658203125e+01
6.497541046142578125e+01
6.487083435058593750e+01
6.479556274414062500e+01
6.477597045898437500e+01
6.477565002441406250e+01
6.481053161621093750e+01
6.488333129882812500e+01
6.494735717773437500e+01
6.496881866455078125e+01
6.494578552246093750e+01
6.486849975585937500e+01
6.478067016601562500e+01
6.473046875000000000e+01
6.470771789550781250e+01
6.469799041748046875e+01
6.471292877197265625e+01
6.475022125244140625e+01
6.477964782714843750e+01
6.479659271240234375e+01
6.482086181640625000e+01
6.481127166748046875e+01
6.409626770019531250e+01
6.207586669921875000e+01
6.210600280761718750e+01
5.018044281005859375e+01
5.403280639648437500e+01
5.407515335083007812e+01
6.603007507324218750e+01
4.988077545166015625e+01
6.236042785644531250e+01
7.680102539062500000e+01
6.483394622802734375e+01
6.489583587646484375e+01
6.492928314208984375e+01
6.493468475341796875e+01
6.492065429687500000e+01
6.487942504882812500e+01
6.485171508789062500e+01
6.483369445800781250e+01
6.481773376464843750e+01
6.481028747558593750e+01
6.482366180419921875e+01
6.488508605957031250e+01
6.498269653320312500e+01
6.505301666259765625e+01
6.509735107421875000e+01
6.507716369628906250e+01
6.500610351562500000e+01
6.489402770996093750e+01
6.478700256347656250e+01
6.473271179199218750e+01
6.473421478271484375e+01
6.479358673095703125e+01
6.488426208496093750e+01
6.496920776367187500e+01
6.504337310791015625e+01
6.508587646484375000e+01
6.509774017333984375e+01
6.499581909179687500e+01
6.487289428710937500e+01
6.476308441162109375e+01
6.476383972167968750e+01
6.479930114746093750e+01
6.481059265136718750e+01
6.489955139160156250e+01
6.495065307617187500e+01
6.494813537597656250e+01
6.496121978759765625e+01
6.493617248535156250e+01
6.485041046142578125e+01
6.470987701416015625e+01
6.461338043212890625e+01
6.459811401367187500e+01
6.468473815917968750e+01
6.480870056152343750e+01
6.490605926513671875e+01
6.493493652343750000e+01
6.489553070068359375e+01
6.480323791503906250e+01
6.469461822509765625e+01
6.463442993164062500e+01
6.462908935546875000e+01
6.470751953125000000e+01
6.483343505859375000e+01
6.491023254394531250e+01
6.491383361816406250e+01
6.487062072753906250e+01
6.479456329345703125e+01
6.471159362792968750e+01
6.466316223144531250e+01
6.466841888427734375e+01
6.473268890380859375e+01
6.479121398925781250e+01
6.482980346679687500e+01
6.484315490722656250e+01
6.482652282714843750e+01
6.478551483154296875e+01
6.474929046630859375e+01
6.473591613769531250e+01
6.474680328369140625e+01
6.476396179199218750e+01
6.476950073242187500e+01
6.476513671875000000e+01
6.476736450195312500e+01
6.477810668945312500e+01
6.478565979003906250e+01
6.477750396728515625e+01
6.473639678955078125e+01
6.473046112060546875e+01
6.473854064941406250e+01
6.477410125732421875e+01
6.475558471679687500e+01
6.472299194335937500e+01
6.470987701416015625e+01
6.470664978027343750e+01
6.469245910644531250e+01
6.469622039794921875e+01
6.472102355957031250e+01
6.473910522460937500e+01
6.472505187988281250e+01
6.471768188476562500e+01
6.472507476806640625e+01
6.474794006347656250e+01
6.477119445800781250e+01
6.482575225830078125e+01
6.483084106445312500e+01
6.476155853271484375e+01
6.474287414550781250e+01
6.470978546142578125e+01
6.467794799804687500e+01
6.468357849121093750e+01
6.469548034667968750e+01
6.471090698242187500e+01
6.474731445312500000e+01
6.472382354736328125e+01
6.469630432128906250e+01
6.467069244384765625e+01
6.464866638183593750e+01
6.463461303710937500e+01
6.463246917724609375e+01
6.464815521240234375e+01
6.465963745117187500e+01
6.466952514648437500e+01
6.466677856445312500e+01
6.464736938476562500e+01
6.462282562255859375e+01
6.461076354980468750e+01
