7.459059906005859375e+01
7.486078643798828125e+01
7.502230072021484375e+01
7.511895751953125000e+01
7.522551727294921875e+01
7.532653045654296875e+01
8.740441131591796875e+01
6.843605804443359375e+01
6.826162719726562500e+01
6.810790252685546875e+01
6.800886535644531250e+01
6.786990356445312500e+01
6.786453247070312500e+01
6.793783569335937500e+01
6.791835784912109375e+01
5.134483337402343750e+01
5.127400588989257812e+01
4.564315795898437500e+01
5.536221313476562500e+01
5.537032318115234375e+01
5.538728332519531250e+01
5.542329025268554688e+01
5.547282028198242188e+01
5.549222946166992188e+01
4.330608367919921875e+01
6.142034149169921875e+01
5.536082458496093750e+01
5.530385971069335938e+01
5.533567047119140625e+01
5.545311737060546875e+01
5.549439239501953125e+01
5.542472076416015625e+01
5.530278396606445312e+01
5.536852264404296875e+01
5.512999725341796875e+01
5.513036346435546875e+01
5.512275695800781250e+01
5.512421417236328125e+01
5.511961364746093750e+01
6.245295715332031250e+01
6.240653991699218750e+01
6.239842224121093750e+01
6.237905120849609375e+01
6.241206359863281250e+01
6.244664764404296875e+01
6.243218994140625000e+01
6.247645568847656250e+01
6.255121612548828125e+01
6.256836700439453125e+01
7.453977966308593750e+01
7.453186035156250000e+01
6.258081054687500000e+01
7.457531738281250000e+01
7.461834716796875000e+01
7.467594909667968750e+01
7.474145507812500000e+01
7.477703857421875000e+01
7.478239440917968750e+01
7.477435302734375000e+01
7.475653076171875000e+01
7.477250671386718750e+01
7.476500701904296875e+01
7.455113220214843750e+01
7.433618164062500000e+01
7.436862182617187500e+01
7.444305419921875000e+01
7.442401885986328125e+01
7.453908538818359375e+01
7.463467407226562500e+01
7.469210052490234375e+01
7.470159912109375000e+01
7.468537139892578125e+01
7.461670684814453125e+01
7.456239318847656250e+01
7.456683349609375000e+01
7.455158996582031250e+01
7.458784484863281250e+01
7.466593933105468750e+01
7.471820831298828125e+01
7.480262756347656250e+01
7.488539123535156250e+01
7.497557830810546875e+01
7.499236297607421875e+01
7.498664093017578125e+01
7.497402954101562500e+01
7.493552398681640625e+01
7.489559936523437500e+01
7.488050842285156250e+01
7.487037658691406250e+01
7.487300109863281250e+01
7.487581634521484375e+01
7.488755798339843750e+01
7.487924957275390625e+01
7.486915588378906250e+01
7.487390899658203125e+01
7.486804199218750000e+01
7.484903717041015625e+01
7.483558654785156250e+01
7.484329223632812500e+01
7.484957885742187500e+01
7.484053802490234375e+01
7.483764648437500000e+01
7.483341217041015625e+01
7.479159545898437500e+01
7.469982910156250000e+01
7.456352233886718750e+01
7.451524353027343750e+01
7.447353363037109375e+01
7.427459716796875000e+01
7.418727111816406250e+01
7.420263671875000000e+01
7.422147369384765625e+01
7.425019836425781250e+01
7.436112976074218750e+01
7.457852935791015625e+01
7.475472259521484375e+01
7.482818603515625000e+01
7.483486175537109375e+01
7.483688354492187500e+01
7.485261535644531250e+01
7.487161254882812500e+01
7.488484191894531250e+01
7.489355468750000000e+01
7.490120697021484375e+01
7.490191650390625000e+01
7.489651489257812500e+01
7.489306640625000000e+01
7.489245605468750000e+01
7.489092254638671875e+01
7.487247467041015625e+01
7.486022949218750000e+01
7.485545349121093750e+01
7.484974670410156250e+01
7.485272979736328125e+01
7.485526275634765625e+01
7.486187744140625000e+01
7.486945343017578125e+01
7.487507629394531250e+01
7.486773681640625000e+01
7.485133361816406250e+01
7.484129333496093750e+01
7.481416320800781250e+01
7.478656005859375000e+01
7.475717163085937500e+01
7.471432495117187500e+01
7.463267517089843750e+01
7.449728393554687500e+01
7.436337280273437500e+01
7.431471252441406250e+01
7.429656982421875000e+01
7.433119201660156250e+01
7.438909912109375000e+01
7.444278717041015625e+01
7.454972839355468750e+01
7.466843414306640625e+01
7.473109436035156250e+01
7.478261566162109375e+01
7.482524871826171875e+01
7.486755371093750000e+01
7.489778900146484375e+01
7.490040588378906250e+01
7.490022277832031250e+01
7.490553283691406250e+01
7.490453338623046875e+01
7.490660095214843750e+01
7.491728973388671875e+01
7.492276763916015625e+01
7.491928100585937500e+01
7.491876220703125000e+01
7.491474914550781250e+01
7.491484832763671875e+01
7.490748596191406250e+01
7.490429687500000000e+01
7.490671539306640625e+01
7.490915679931640625e+01
7.490959167480468750e+01
7.490876770019531250e+01
7.491363525390625000e+01
7.490667724609375000e+01
7.489318847656250000e+01
7.488391113281250000e+01
7.487454223632812500e+01
7.486506652832031250e+01
7.486260986328125000e+01
7.486849212646484375e+01
7.487818908691406250e+01
7.487643432617187500e+01
7.486714935302734375e+01
7.486020660400390625e+01
7.485511016845703125e+01
7.485524749755859375e+01
7.485244750976562500e+01
7.484032440185546875e+01
7.483184051513671875e+01
7.481797027587890625e+01
7.481135559082031250e+01
7.480691528320312500e+01
7.479869079589843750e+01
7.478832244873046875e+01
7.477909088134765625e+01
7.475440216064453125e+01
7.472270202636718750e+01
7.469086456298828125e+01
7.464196777343750000e+01
7.461150360107421875e+01
7.456131744384765625e+01
7.449480438232421875e+01
7.443704223632812500e+01
7.443308258056640625e+01
7.443368530273437500e+01
7.439739990234375000e+01
7.438110351562500000e+01
7.434958648681640625e+01
7.431146240234375000e+01
7.427659606933593750e+01
7.427355957031250000e+01
7.424526977539062500e+01
7.420725250244140625e+01
7.420031738281250000e+01
7.420178222656250000e+01
7.421206665039062500e+01
7.420301055908203125e+01
7.420053100585937500e+01
7.418490600585937500e+01
7.416423034667968750e+01
7.416036224365234375e+01
7.414866638183593750e+01
7.413806152343750000e+01
7.412190246582031250e+01
7.411383819580078125e+01
7.410754394531250000e+01
7.410890197753906250e+01
7.412065124511718750e+01
7.412858581542968750e+01
7.412057495117187500e+01
7.410300445556640625e+01
7.410308074951171875e+01
7.409608459472656250e+01
7.408181762695312500e+01
7.407354736328125000e+01
7.406704711914062500e+01
7.406819152832031250e+01
7.407802581787109375e+01
7.408715057373046875e+01
7.409007263183593750e+01
7.409599304199218750e+01
7.410843658447265625e+01
7.412458038330078125e+01
7.414567565917968750e+01
7.415315246582031250e+01
7.415031433105468750e+01
7.415074157714843750e+01
7.415268707275390625e+01
7.414381408691406250e+01
7.412501525878906250e+01
7.410517120361328125e+01
7.408516693115234375e+01
7.405898284912109375e+01
7.403861999511718750e+01
7.403359985351562500e+01
7.402890014648437500e+01
7.403459167480468750e+01
7.404696655273437500e+01
7.406494140625000000e+01
7.408297729492187500e+01
7.408502960205078125e+01
7.408227539062500000e+01
7.406439208984375000e+01
7.403131866455078125e+01
7.399813842773437500e+01
7.397335815429687500e+01
7.394657135009765625e+01
7.393881225585937500e+01
7.392330932617187500e+01
7.389541625976562500e+01
7.388270568847656250e+01
7.386409759521484375e+01
7.384288787841796875e+01
7.382560729980468750e+01
7.380335235595703125e+01
7.379627990722656250e+01
7.380645751953125000e+01
7.384367370605468750e+01
7.388518524169921875e+01
7.388803100585937500e+01
7.387361145019531250e+01
7.387882232666015625e+01
7.389788055419921875e+01
7.391173553466796875e+01
7.392835998535156250e+01
7.393426513671875000e+01
7.393156433105468750e+01
7.391172790527343750e+01
7.384617614746093750e+01
7.380480194091796875e+01
7.381024169921875000e+01
7.382031250000000000e+01
7.380343627929687500e+01
7.377714538574218750e+01
7.374432373046875000e+01
7.370195007324218750e+01
7.366135406494140625e+01
7.368078613281250000e+01
7.371255493164062500e+01
7.369986724853515625e+01
7.369403076171875000e+01
7.370152282714843750e+01
7.369157409667968750e+01
7.367544555664062500e+01
7.368713378906250000e+01
7.368067169189453125e+01
7.367222595214843750e+01
7.369453430175781250e+01
7.370066833496093750e+01
7.368964385986328125e+01
7.370016479492187500e+01
7.370775604248046875e+01
7.369597625732421875e+01
7.368473815917968750e+01
7.368957519531250000e+01
7.370133972167968750e+01
7.372447967529296875e+01
7.377709197998046875e+01
7.379254150390625000e+01
7.377188110351562500e+01
7.374374389648437500e+01
7.376108551025390625e+01
7.377462768554687500e+01
7.378974914550781250e+01
7.382534790039062500e+01
7.385536956787109375e+01
7.384095001220703125e+01
7.379904174804687500e+01
7.376999664306640625e+01
7.376912689208984375e+01
7.376343536376953125e+01
7.374366760253906250e+01
7.374002075195312500e+01
7.371142578125000000e+01
7.363658142089843750e+01
7.361505126953125000e+01
7.364343261718750000e+01
7.362518310546875000e+01
7.363081359863281250e+01
7.362035369873046875e+01
7.362785339355468750e+01
7.368096923828125000e+01
7.364527893066406250e+01
7.357977294921875000e+01
