7.008868408203125000e+01
7.005648040771484375e+01
7.006335449218750000e+01
7.011283874511718750e+01
7.011041259765625000e+01
8.213675689697265625e+01
8.219826507568359375e+01
8.227614593505859375e+01
8.231673431396484375e+01
8.234613037109375000e+01
8.237525939941406250e+01
8.239199829101562500e+01
8.241413116455078125e+01
8.244219970703125000e+01
8.245135498046875000e+01
8.242190551757812500e+01
8.236323547363281250e+01
8.230317687988281250e+01
8.227349090576171875e+01
8.227099609375000000e+01
8.228232574462890625e+01
8.228571319580078125e+01
8.228578948974609375e+01
8.230616760253906250e+01
8.232263183593750000e+01
8.233264923095703125e+01
8.234588623046875000e+01
8.237469482421875000e+01
8.241487121582031250e+01
8.244833374023437500e+01
8.247782135009765625e+01
8.251540374755859375e+01
8.253244781494140625e+01
8.252095794677734375e+01
8.250849914550781250e+01
8.251343536376953125e+01
8.254547119140625000e+01
8.257588195800781250e+01
8.258869934082031250e+01
8.260472869873046875e+01
8.260617065429687500e+01
8.258237457275390625e+01
8.256100463867187500e+01
8.255960083007812500e+01
8.257107543945312500e+01
8.259771728515625000e+01
8.261798858642578125e+01
8.263362121582031250e+01
8.264125823974609375e+01
8.261720275878906250e+01
8.257298278808593750e+01
8.253816986083984375e+01
8.252236938476562500e+01
8.252417755126953125e+01
8.252793884277343750e+01
8.253002166748046875e+01
8.251917266845703125e+01
8.247962951660156250e+01
8.242696380615234375e+01
8.237229156494140625e+01
8.234226989746093750e+01
8.235078430175781250e+01
8.236363220214843750e+01
8.236053466796875000e+01
8.232979583740234375e+01
8.226564025878906250e+01
8.218655395507812500e+01
8.211541748046875000e+01
8.207697296142578125e+01
8.206186676025390625e+01
8.204997253417968750e+01
8.203292846679687500e+01
8.199542236328125000e+01
8.192420196533203125e+01
8.183863830566406250e+01
8.172787475585937500e+01
8.162974548339843750e+01
8.149890136718750000e+01
8.125788116455078125e+01
8.100436401367187500e+01
8.099824523925781250e+01
8.102255249023437500e+01
8.176672363281250000e+01
8.300429534912109375e+01
8.319870758056640625e+01
8.276899719238281250e+01
8.082905578613281250e+01
6.864553833007812500e+01
8.067072296142578125e+01
8.067994689941406250e+01
8.068409729003906250e+01
8.068651580810546875e+01
8.072322082519531250e+01
8.115637207031250000e+01
8.133874511718750000e+01
8.148688507080078125e+01
8.194586181640625000e+01
8.227870178222656250e+01
8.227671051025390625e+01
8.220468139648437500e+01
8.213444519042968750e+01
8.210450744628906250e+01
8.209552001953125000e+01
8.209071350097656250e+01
8.212221527099609375e+01
8.249356842041015625e+01
8.318418121337890625e+01
8.329295349121093750e+01
8.288226318359375000e+01
8.125967407226562500e+01
8.097792053222656250e+01
8.094247436523437500e+01
8.097470092773437500e+01
8.149349975585937500e+01
8.343087005615234375e+01
8.377987670898437500e+01
8.335536956787109375e+01
8.159082794189453125e+01
8.115145874023437500e+01
8.112648773193359375e+01
8.132240295410156250e+01
8.317617034912109375e+01
8.377957916259765625e+01
8.328648376464843750e+01
8.153466033935546875e+01
6.920544433593750000e+01
6.919002532958984375e+01
6.920980834960937500e+01
6.922308349609375000e+01
6.922259521484375000e+01
6.922296142578125000e+01
6.921366882324218750e+01
6.921962738037109375e+01
8.121434020996093750e+01
8.118179321289062500e+01
8.112583923339843750e+01
6.904604339599609375e+01
6.895657348632812500e+01
6.884768676757812500e+01
6.877026367187500000e+01
8.078963470458984375e+01
8.081164550781250000e+01
8.083126068115234375e+01
8.061545562744140625e+01
8.011080932617187500e+01
6.187577056884765625e+01
6.185433959960937500e+01
6.182651519775390625e+01
6.182415008544921875e+01
6.183264923095703125e+01
6.186066436767578125e+01
6.192372131347656250e+01
6.199583435058593750e+01
6.221288299560546875e+01
6.896765136718750000e+01
6.914160156250000000e+01
6.918973541259765625e+01
6.916824340820312500e+01
8.111979675292968750e+01
8.105010986328125000e+01
8.101236724853515625e+01
8.101887512207031250e+01
6.903897094726562500e+01
8.107753753662109375e+01
8.114555358886718750e+01
8.122560119628906250e+01
8.132083129882812500e+01
8.142124938964843750e+01
8.139704895019531250e+01
8.123419952392578125e+01
8.104415893554687500e+01
8.091975402832031250e+01
8.084672546386718750e+01
8.084869384765625000e+01
8.098902130126953125e+01
8.119677734375000000e+01
8.128476715087890625e+01
8.124029541015625000e+01
8.084400939941406250e+01
7.976616668701171875e+01
8.130826568603515625e+01
7.025634002685546875e+01
7.013000488281250000e+01
6.903912353515625000e+01
6.917142486572265625e+01
6.922891235351562500e+01
6.925004577636718750e+01
6.849940490722656250e+01
6.772904968261718750e+01
7.968726348876953125e+01
7.985837554931640625e+01
7.991661834716796875e+01
8.051503753662109375e+01
8.054418945312500000e+01
7.950405120849609375e+01
7.907615661621093750e+01
7.914582061767578125e+01
7.917785644531250000e+01
7.915738677978515625e+01
7.910158538818359375e+01
7.907658386230468750e+01
7.911386108398437500e+01
7.928116607666015625e+01
7.975081634521484375e+01
8.001174926757812500e+01
8.015441131591796875e+01
8.014155578613281250e+01
7.995852661132812500e+01
7.996851348876953125e+01
