5.511612701416015625e+01
5.511351776123046875e+01
6.228778076171875000e+01
6.231367492675781250e+01
6.220512390136718750e+01
6.230331420898437500e+01
6.250556182861328125e+01
6.248274993896484375e+01
6.250157165527343750e+01
6.250485229492187500e+01
6.218350982666015625e+01
6.221510314941406250e+01
6.202261352539062500e+01
6.187414550781250000e+01
6.183052825927734375e+01
6.191006469726562500e+01
6.199642181396484375e+01
6.200373840332031250e+01
6.201692199707031250e+01
6.207014465332031250e+01
6.211631774902343750e+01
6.213361358642578125e+01
6.212940979003906250e+01
7.413323211669921875e+01
6.212533569335937500e+01
6.210597991943359375e+01
6.211297607421875000e+01
6.211928558349609375e+01
6.210846710205078125e+01
6.210979461669921875e+01
6.211708068847656250e+01
7.412632751464843750e+01
7.412251281738281250e+01
7.410317230224609375e+01
7.408312225341796875e+01
6.206994628906250000e+01
6.206169128417968750e+01
6.205463409423828125e+01
6.204904174804687500e+01
7.404206848144531250e+01
7.403896331787109375e+01
7.403291320800781250e+01
7.402693939208984375e+01
7.403009033203125000e+01
7.403616333007812500e+01
7.403227233886718750e+01
7.402627563476562500e+01
7.402156829833984375e+01
7.401637268066406250e+01
7.401548767089843750e+01
7.401885223388671875e+01
7.402173614501953125e+01
7.402078247070312500e+01
7.401918029785156250e+01
7.401705932617187500e+01
7.401808166503906250e+01
7.402421569824218750e+01
6.203680419921875000e+01
6.204863739013671875e+01
6.205152130126953125e+01
6.204688262939453125e+01
6.203785705566406250e+01
7.403671264648437500e+01
7.403816986083984375e+01
7.404866790771484375e+01
7.405387115478515625e+01
7.404859161376953125e+01
7.405027008056640625e+01
7.405696105957031250e+01
7.406005859375000000e+01
7.406014251708984375e+01
7.405973052978515625e+01
7.406297302246093750e+01
7.406466674804687500e+01
7.406787109375000000e+01
7.406999969482421875e+01
7.406757354736328125e+01
7.406985473632812500e+01
7.407354736328125000e+01
7.407736206054687500e+01
7.408221435546875000e+01
7.409336853027343750e+01
7.410278320312500000e+01
7.410913085937500000e+01
7.411281585693359375e+01
7.411630249023437500e+01
7.412148284912109375e+01
7.412514495849609375e+01
7.412918853759765625e+01
7.412985229492187500e+01
7.412971496582031250e+01
7.413946533203125000e+01
7.415399169921875000e+01
7.415984344482421875e+01
7.415885925292968750e+01
7.416269683837890625e+01
7.416750335693359375e+01
7.416365051269531250e+01
7.416123962402343750e+01
7.416518402099609375e+01
7.416631317138671875e+01
7.416697692871093750e+01
7.416917419433593750e+01
7.417208099365234375e+01
7.417478179931640625e+01
7.417681121826171875e+01
7.418143463134765625e+01
7.418670654296875000e+01
7.419206237792968750e+01
7.419277954101562500e+01
7.419400787353515625e+01
7.419498443603515625e+01
7.419779968261718750e+01
7.419446563720703125e+01
7.419047546386718750e+01
7.419193267822265625e+01
7.419812011718750000e+01
7.420816040039062500e+01
7.421843719482421875e+01
7.422673034667968750e+01
7.423056030273437500e+01
7.423035430908203125e+01
7.422993469238281250e+01
7.423264312744140625e+01
7.423389434814453125e+01
7.423790740966796875e+01
7.424548339843750000e+01
7.425371551513671875e+01
7.425595855712890625e+01
7.425237274169921875e+01
7.425241088867187500e+01
7.424697875976562500e+01
7.424090576171875000e+01
7.424234008789062500e+01
7.424094390869140625e+01
7.424032592773437500e+01
7.424262237548828125e+01
7.425044250488281250e+01
6.226387786865234375e+01
6.228040313720703125e+01
6.230394744873046875e+01
6.235940551757812500e+01
6.236565399169921875e+01
6.230945587158203125e+01
6.218798828125000000e+01
6.209316253662109375e+01
6.206297302246093750e+01
6.204869079589843750e+01
6.205414581298828125e+01
6.208097839355468750e+01
6.210784149169921875e+01
6.213660430908203125e+01
6.216713714599609375e+01
6.219615936279296875e+01
6.219636535644531250e+01
6.216045379638671875e+01
6.211021423339843750e+01
6.207534027099609375e+01
6.206163024902343750e+01
6.206391143798828125e+01
6.209100341796875000e+01
6.214415740966796875e+01
6.220133972167968750e+01
6.224552917480468750e+01
6.223803710937500000e+01
6.219654846191406250e+01
6.214804077148437500e+01
6.209606933593750000e+01
6.205363464355468750e+01
6.202780914306640625e+01
6.202962493896484375e+01
6.205518341064453125e+01
6.209049987792968750e+01
6.212673950195312500e+01
6.215313720703125000e+01
6.214695739746093750e+01
6.211151885986328125e+01
6.205896759033203125e+01
6.199671936035156250e+01
6.193530273437500000e+01
6.188813781738281250e+01
6.186613464355468750e+01
6.189677429199218750e+01
6.196971893310546875e+01
6.204083251953125000e+01
6.210491943359375000e+01
6.213938903808593750e+01
6.209092712402343750e+01
6.199052429199218750e+01
6.191969299316406250e+01
6.185525512695312500e+01
6.180850219726562500e+01
6.182077026367187500e+01
6.189332580566406250e+01
6.196305847167968750e+01
6.201265716552734375e+01
6.205046081542968750e+01
6.205680847167968750e+01
7.402751922607421875e+01
7.396477508544921875e+01
7.386608886718750000e+01
7.375769042968750000e+01
7.373042297363281250e+01
7.384369659423828125e+01
7.399327850341796875e+01
7.411563110351562500e+01
7.420821380615234375e+01
7.421781921386718750e+01
7.412434387207031250e+01
7.403221130371093750e+01
7.392995452880859375e+01
7.379241180419921875e+01
7.374452972412109375e+01
7.381082153320312500e+01
7.393954467773437500e+01
7.405538940429687500e+01
7.411384582519531250e+01
7.407020568847656250e+01
7.398523712158203125e+01
7.387458801269531250e+01
7.373649597167968750e+01
7.367790222167968750e+01
7.374417114257812500e+01
7.388904571533203125e+01
7.410119628906250000e+01
7.423467254638671875e+01
7.422686004638671875e+01
7.409062957763671875e+01
7.392581939697265625e+01
7.379610443115234375e+01
7.371501159667968750e+01
7.371923828125000000e+01
7.380101013183593750e+01
7.387422180175781250e+01
7.391488647460937500e+01
7.390061187744140625e+01
7.384417724609375000e+01
7.377460479736328125e+01
7.371381378173828125e+01
7.371679687500000000e+01
7.383108520507812500e+01
7.401220703125000000e+01
7.408644866943359375e+01
7.401217651367187500e+01
7.386515045166015625e+01
7.376965332031250000e+01
7.371003723144531250e+01
7.371425628662109375e+01
7.381199645996093750e+01
7.396221923828125000e+01
7.404402160644531250e+01
7.394879913330078125e+01
7.379437255859375000e+01
7.373363494873046875e+01
7.370872497558593750e+01
7.374343109130859375e+01
7.382695007324218750e+01
7.393297576904296875e+01
7.393228149414062500e+01
7.379022979736328125e+01
7.368617248535156250e+01
7.367924499511718750e+01
7.372502136230468750e+01
7.381949615478515625e+01
7.393412017822265625e+01
7.394725036621093750e+01
7.383580780029296875e+01
7.369461059570312500e+01
7.366276550292968750e+01
7.369703674316406250e+01
7.375957489013671875e+01
7.383473205566406250e+01
7.386692810058593750e+01
7.377070617675781250e+01
7.363459777832031250e+01
7.359825897216796875e+01
7.362779235839843750e+01
7.368871307373046875e+01
7.375341796875000000e+01
7.381422424316406250e+01
7.378305053710937500e+01
7.364483642578125000e+01
7.357766723632812500e+01
7.358509063720703125e+01
7.365245056152343750e+01
7.375955963134765625e+01
7.385159301757812500e+01
7.385499572753906250e+01
7.373486328125000000e+01
7.359943389892578125e+01
7.353445434570312500e+01
7.353824615478515625e+01
7.364054870605468750e+01
7.380325317382812500e+01
7.390042114257812500e+01
7.383456420898437500e+01
7.363681793212890625e+01
7.354899597167968750e+01
7.356525421142578125e+01
7.364349365234375000e+01
7.378255462646484375e+01
