6.615711975097656250e+01
6.606153869628906250e+01
6.598005676269531250e+01
6.590664672851562500e+01
6.581059265136718750e+01
6.572850036621093750e+01
6.568939971923828125e+01
6.570935821533203125e+01
6.578072357177734375e+01
6.583430480957031250e+01
6.592569732666015625e+01
6.598142242431640625e+01
6.603369903564453125e+01
6.693217468261718750e+01
6.874318695068359375e+01
6.882666778564453125e+01
6.827127075195312500e+01
6.508069610595703125e+01
6.509526062011718750e+01
6.512963867187500000e+01
6.513052368164062500e+01
6.514533996582031250e+01
6.516681671142578125e+01
6.518889617919921875e+01
6.522666931152343750e+01
6.525627136230468750e+01
6.529222106933593750e+01
6.533512115478515625e+01
6.537115478515625000e+01
6.538850402832031250e+01
6.534914398193359375e+01
6.522992706298828125e+01
6.501244354248046875e+01
6.488271331787109375e+01
6.481175231933593750e+01
6.483815765380859375e+01
6.496178436279296875e+01
6.516833496093750000e+01
6.527993774414062500e+01
6.528956604003906250e+01
6.524846649169921875e+01
6.512339782714843750e+01
6.498669433593750000e+01
6.489748382568359375e+01
6.486285400390625000e+01
6.491313171386718750e+01
6.497778320312500000e+01
6.507832336425781250e+01
6.516322326660156250e+01
6.519541168212890625e+01
6.517328643798828125e+01
6.505000305175781250e+01
6.492385101318359375e+01
6.483705139160156250e+01
6.477572631835937500e+01
6.476547241210937500e+01
6.479901885986328125e+01
6.484326171875000000e+01
6.491358947753906250e+01
6.500264739990234375e+01
6.508283233642578125e+01
6.509057617187500000e+01
6.503723907470703125e+01
6.495427703857421875e+01
6.486791229248046875e+01
6.483361053466796875e+01
6.480934906005859375e+01
6.479346466064453125e+01
6.479426574707031250e+01
6.480870056152343750e+01
6.486487579345703125e+01
6.497399902343750000e+01
6.508852386474609375e+01
6.510127258300781250e+01
6.504513549804687500e+01
6.495976257324218750e+01
6.490930175781250000e+01
6.485380554199218750e+01
6.481037139892578125e+01
6.478710937500000000e+01
6.477406311035156250e+01
6.479644012451171875e+01
6.487493896484375000e+01
6.500717163085937500e+01
6.506497192382812500e+01
6.511134338378906250e+01
6.512877655029296875e+01
6.507134246826171875e+01
6.495777130126953125e+01
6.485642242431640625e+01
6.479219818115234375e+01
6.476303863525390625e+01
6.475413513183593750e+01
6.478282928466796875e+01
6.489337158203125000e+01
6.502059936523437500e+01
6.505722808837890625e+01
6.506805419921875000e+01
6.503947448730468750e+01
6.494799804687500000e+01
6.485966491699218750e+01
6.478166198730468750e+01
6.473398590087890625e+01
6.473310852050781250e+01
6.475236511230468750e+01
6.481436157226562500e+01
6.494043731689453125e+01
6.504402160644531250e+01
6.507933807373046875e+01
6.511705017089843750e+01
6.510046386718750000e+01
6.503010559082031250e+01
6.488783264160156250e+01
6.478437805175781250e+01
6.473912048339843750e+01
6.471009826660156250e+01
6.473092651367187500e+01
6.482220458984375000e+01
6.495513153076171875e+01
6.501966094970703125e+01
6.501332092285156250e+01
6.496459960937500000e+01
6.489165496826171875e+01
6.481525421142578125e+01
6.472369384765625000e+01
6.467195892333984375e+01
6.465549468994140625e+01
6.471360778808593750e+01
6.486703491210937500e+01
6.493812561035156250e+01
6.494281005859375000e+01
6.494149780273437500e+01
6.494915771484375000e+01
6.491000366210937500e+01
6.478791809082031250e+01
6.465377807617187500e+01
6.458436584472656250e+01
6.456148529052734375e+01
6.463587951660156250e+01
6.481078338623046875e+01
6.493557739257812500e+01
6.473503112792968750e+01
6.494092559814453125e+01
6.506683349609375000e+01
6.498484039306640625e+01
6.479696655273437500e+01
6.464340972900390625e+01
6.455630493164062500e+01
6.455818939208984375e+01
