8.672441864013671875e+01
8.666653442382812500e+01
8.666232299804687500e+01
8.669662475585937500e+01
8.673881530761718750e+01
8.675166320800781250e+01
8.675391387939453125e+01
8.675426483154296875e+01
8.676870727539062500e+01
8.681676483154296875e+01
8.688318634033203125e+01
8.694113922119140625e+01
8.697744750976562500e+01
7.499348449707031250e+01
7.498878479003906250e+01
8.697791290283203125e+01
7.498589324951171875e+01
7.500904846191406250e+01
7.503150939941406250e+01
7.504077148437500000e+01
7.502386474609375000e+01
8.698905944824218750e+01
8.695394897460937500e+01
8.693778228759765625e+01
8.696116638183593750e+01
7.499768066406250000e+01
7.501131439208984375e+01
7.499204254150390625e+01
8.696118927001953125e+01
8.694316864013671875e+01
8.696483612060546875e+01
7.502719116210937500e+01
7.505630493164062500e+01
7.502456665039062500e+01
8.697973632812500000e+01
8.696043395996093750e+01
8.697708892822265625e+01
7.501600646972656250e+01
7.505641937255859375e+01
7.507402801513671875e+01
7.506118774414062500e+01
7.502832031250000000e+01
7.499797058105468750e+01
7.500202941894531250e+01
7.504634857177734375e+01
8.711535644531250000e+01
8.716789245605468750e+01
8.717172241210937500e+01
8.713646697998046875e+01
8.709005737304687500e+01
7.505274963378906250e+01
7.504356384277343750e+01
7.506967163085937500e+01
8.711200714111328125e+01
8.713815307617187500e+01
8.716535949707031250e+01
8.719895935058593750e+01
8.722133636474609375e+01
8.723377990722656250e+01
8.725347137451171875e+01
8.724804687500000000e+01
8.720124816894531250e+01
8.715300750732421875e+01
8.713993835449218750e+01
8.716515350341796875e+01
8.723373413085937500e+01
8.732829284667968750e+01
8.738311767578125000e+01
8.738094329833984375e+01
8.733790588378906250e+01
8.727647399902343750e+01
8.721646881103515625e+01
8.722721099853515625e+01
8.729890441894531250e+01
8.737146759033203125e+01
8.740053558349609375e+01
8.738621520996093750e+01
8.733478546142578125e+01
8.726216125488281250e+01
8.721063232421875000e+01
8.725923156738281250e+01
8.736406707763671875e+01
7.544136047363281250e+01
7.547235107421875000e+01
7.544912719726562500e+01
8.738716125488281250e+01
8.733212280273437500e+01
8.729843902587890625e+01
8.733753967285156250e+01
8.742400360107421875e+01
7.548222351074218750e+01
7.549027252197265625e+01
7.543972015380859375e+01
8.737487792968750000e+01
8.734828186035156250e+01
8.734931182861328125e+01
8.740277099609375000e+01
7.547577667236328125e+01
7.551817321777343750e+01
7.550965881347656250e+01
7.545446014404296875e+01
8.740504455566406250e+01
8.738974761962890625e+01
8.741168212890625000e+01
7.547682189941406250e+01
8.754347229003906250e+01
8.755657958984375000e+01
7.551447296142578125e+01
7.546530151367187500e+01
7.544726562500000000e+01
7.546758270263671875e+01
7.553273010253906250e+01
8.759999084472656250e+01
8.762520599365234375e+01
8.761465454101562500e+01
8.759947204589843750e+01
8.758679199218750000e+01
8.757263183593750000e+01
8.758186340332031250e+01
8.761032104492187500e+01
8.763730621337890625e+01
8.764347076416015625e+01
8.763823699951171875e+01
8.764511871337890625e+01
8.764060974121093750e+01
8.763786315917968750e+01
8.763414001464843750e+01
8.763003540039062500e+01
8.763387298583984375e+01
8.762849426269531250e+01
8.763942718505859375e+01
8.767157745361328125e+01
8.771613311767578125e+01
8.776710510253906250e+01
8.777293395996093750e+01
8.775461578369140625e+01
8.772090148925781250e+01
8.768494415283203125e+01
8.767260742187500000e+01
8.767321777343750000e+01
8.770415496826171875e+01
8.774392700195312500e+01
8.775125122070312500e+01
8.773287963867187500e+01
8.769828796386718750e+01
8.767984771728515625e+01
8.768624114990234375e+01
8.772135925292968750e+01
8.778312683105468750e+01
8.779658508300781250e+01
8.778553771972656250e+01
8.776407623291015625e+01
8.774973297119140625e+01
8.776095581054687500e+01
8.777613067626953125e+01
8.782262420654296875e+01
8.786763000488281250e+01
8.787182617187500000e+01
8.784133148193359375e+01
8.781540679931640625e+01
8.781071472167968750e+01
8.783424377441406250e+01
7.588690185546875000e+01
7.595491027832031250e+01
7.598911285400390625e+01
7.597827911376953125e+01
7.595256042480468750e+01
7.593243408203125000e+01
7.591860198974609375e+01
7.592118835449218750e+01
7.595493316650390625e+01
7.600239562988281250e+01
8.804194641113281250e+01
8.803816986083984375e+01
7.601165008544921875e+01
7.600582885742187500e+01
7.600297546386718750e+01
7.601049804687500000e+01
8.806506347656250000e+01
7.613591003417968750e+01
7.617826843261718750e+01
7.617185211181640625e+01
8.819541168212890625e+01
8.819880676269531250e+01
8.817591857910156250e+01
7.615744018554687500e+01
8.817044067382812500e+01
8.819574737548828125e+01
8.823058319091796875e+01
8.824994659423828125e+01
8.828390502929687500e+01
8.834191894531250000e+01
7.637364196777343750e+01
7.638894653320312500e+01
7.638008117675781250e+01
7.638186645507812500e+01
7.642261505126953125e+01
7.648120117187500000e+01
8.856220245361328125e+01
8.863483428955078125e+01
7.668997192382812500e+01
7.672334289550781250e+01
7.677131652832031250e+01
7.687851715087890625e+01
7.647520446777343750e+01
7.614680480957031250e+01
7.592807769775390625e+01
7.565956878662109375e+01
7.592726135253906250e+01
7.660119628906250000e+01
6.484169006347656250e+01
6.481091308593750000e+01
6.484950256347656250e+01
6.491129302978515625e+01
