6.242682647705078125e+01
6.235884857177734375e+01
6.234431457519531250e+01
6.235507202148437500e+01
6.238726806640625000e+01
6.233747100830078125e+01
6.229465484619140625e+01
6.230871582031250000e+01
6.228073120117187500e+01
6.229055786132812500e+01
6.232428741455078125e+01
6.235678100585937500e+01
6.237046813964843750e+01
6.239678192138671875e+01
6.239769744873046875e+01
6.260392761230468750e+01
8.777545166015625000e+01
6.917675781250000000e+01
6.897961425781250000e+01
7.957082366943359375e+01
7.928884887695312500e+01
7.932695007324218750e+01
7.935562133789062500e+01
7.936453247070312500e+01
7.935913085937500000e+01
7.932690429687500000e+01
7.928576660156250000e+01
7.926066589355468750e+01
7.927549743652343750e+01
7.930926513671875000e+01
6.732537841796875000e+01
6.732931518554687500e+01
6.732833862304687500e+01
6.733146667480468750e+01
6.735565948486328125e+01
6.738043975830078125e+01
6.738200378417968750e+01
6.738237762451171875e+01
6.738993072509765625e+01
6.738680267333984375e+01
6.737419128417968750e+01
6.737065124511718750e+01
6.736910247802734375e+01
6.736662292480468750e+01
6.735968017578125000e+01
6.734558105468750000e+01
6.733930206298828125e+01
6.734486389160156250e+01
6.735018157958984375e+01
6.734693908691406250e+01
6.734659576416015625e+01
6.734831237792968750e+01
6.734329223632812500e+01
6.733020782470703125e+01
6.731880187988281250e+01
6.731642913818359375e+01
6.731660461425781250e+01
6.731430053710937500e+01
6.731116485595703125e+01
6.730662536621093750e+01
6.730672454833984375e+01
6.730428314208984375e+01
6.730679321289062500e+01
6.730815124511718750e+01
6.730525207519531250e+01
6.730152893066406250e+01
6.728950500488281250e+01
6.728578948974609375e+01
6.728752899169921875e+01
6.728771209716796875e+01
6.727816772460937500e+01
6.727104187011718750e+01
6.727731323242187500e+01
6.728186798095703125e+01
6.728599548339843750e+01
6.728466796875000000e+01
6.727543640136718750e+01
6.726678466796875000e+01
6.726507568359375000e+01
6.726315307617187500e+01
6.725332641601562500e+01
6.725323486328125000e+01
6.726008605957031250e+01
6.726236724853515625e+01
6.725576782226562500e+01
6.725927734375000000e+01
6.724767303466796875e+01
6.724917602539062500e+01
6.724034881591796875e+01
6.722962188720703125e+01
6.722833251953125000e+01
6.722350311279296875e+01
6.722340393066406250e+01
6.721492767333984375e+01
6.720990753173828125e+01
6.720942687988281250e+01
6.721546936035156250e+01
6.722285461425781250e+01
6.721319580078125000e+01
6.719685363769531250e+01
6.719784545898437500e+01
6.719107055664062500e+01
6.719389343261718750e+01
6.720346069335937500e+01
6.721462249755859375e+01
6.722138977050781250e+01
6.721565246582031250e+01
6.720584106445312500e+01
6.721974182128906250e+01
6.723410034179687500e+01
6.723538970947265625e+01
6.724468994140625000e+01
6.726706695556640625e+01
6.729576110839843750e+01
6.729907989501953125e+01
6.732567596435546875e+01
6.741545104980468750e+01
6.748248291015625000e+01
6.813061523437500000e+01
6.919702911376953125e+01
6.927663421630859375e+01
8.056006622314453125e+01
7.939603424072265625e+01
7.901992797851562500e+01
7.863970184326171875e+01
7.836529541015625000e+01
7.952388000488281250e+01
8.074628448486328125e+01
8.047257232666015625e+01
7.928347015380859375e+01
6.684292602539062500e+01
6.685356140136718750e+01
6.693453979492187500e+01
6.697564697265625000e+01
6.707309722900390625e+01
6.715692138671875000e+01
6.722384643554687500e+01
6.726559448242187500e+01
6.734568786621093750e+01
6.740938568115234375e+01
6.740815734863281250e+01
6.739209747314453125e+01
6.739740753173828125e+01
6.739671325683593750e+01
6.739103698730468750e+01
6.737695312500000000e+01
6.736428070068359375e+01
6.738081359863281250e+01
6.739918518066406250e+01
6.739628601074218750e+01
6.739670562744140625e+01
6.740357971191406250e+01
6.740190124511718750e+01
6.739630126953125000e+01
6.739853668212890625e+01
6.743433380126953125e+01
6.749165344238281250e+01
6.750647735595703125e+01
6.662505340576171875e+01
6.638680267333984375e+01
6.294077301025390625e+01
6.623628234863281250e+01
6.018132019042968750e+01
6.681143188476562500e+01
6.696293640136718750e+01
7.904042053222656250e+01
7.908354949951171875e+01
6.707482147216796875e+01
6.701051330566406250e+01
6.695243072509765625e+01
6.703678894042968750e+01
6.710522460937500000e+01
6.715036773681640625e+01
6.721779632568359375e+01
6.729551696777343750e+01
6.739073181152343750e+01
6.746575164794921875e+01
6.701599884033203125e+01
6.655891418457031250e+01
6.661859893798828125e+01
6.670288848876953125e+01
7.872309875488281250e+01
7.871059417724609375e+01
7.880677032470703125e+01
7.901555633544921875e+01
7.918708801269531250e+01
6.723262786865234375e+01
6.714119720458984375e+01
6.699376678466796875e+01
6.693887329101562500e+01
6.695339202880859375e+01
6.694055175781250000e+01
6.682649993896484375e+01
6.608650207519531250e+01
6.582656860351562500e+01
6.633845520019531250e+01
6.642909240722656250e+01
6.654190063476562500e+01
6.673106384277343750e+01
6.694584655761718750e+01
6.712561035156250000e+01
6.727288055419921875e+01
6.717001342773437500e+01
6.719018554687500000e+01
6.686019897460937500e+01
6.652299499511718750e+01
6.623609924316406250e+01
6.641667175292968750e+01
6.674935150146484375e+01
6.704738616943359375e+01
6.717967987060546875e+01
6.714424896240234375e+01
6.699788665771484375e+01
6.683478546142578125e+01
6.662861633300781250e+01
6.645714569091796875e+01
6.646870422363281250e+01
6.666468811035156250e+01
6.694172668457031250e+01
6.714360046386718750e+01
6.720558166503906250e+01
6.710351562500000000e+01
6.676098632812500000e+01
6.651376342773437500e+01
6.639601898193359375e+01
6.636686706542968750e+01
7.850081634521484375e+01
7.866685485839843750e+01
7.876345825195312500e+01
7.865274810791015625e+01
7.852371978759765625e+01
7.846134948730468750e+01
7.847431945800781250e+01
7.848366546630859375e+01
7.846119689941406250e+01
7.845858764648437500e+01
7.845359039306640625e+01
7.842722320556640625e+01
7.841265106201171875e+01
7.843657684326171875e+01
7.851149749755859375e+01
7.856759643554687500e+01
7.850072479248046875e+01
7.833705902099609375e+01
7.828910064697265625e+01
7.834845733642578125e+01
6.639861297607421875e+01
7.851455688476562500e+01
7.865341949462890625e+01
7.871321105957031250e+01
7.867517852783203125e+01
7.859764099121093750e+01
6.656791687011718750e+01
6.658887481689453125e+01
6.663631439208984375e+01
6.670544433593750000e+01
6.678582763671875000e+01
6.687791442871093750e+01
6.693875885009765625e+01
6.688160705566406250e+01
6.686558532714843750e+01
6.691175842285156250e+01
6.698999786376953125e+01
6.707456970214843750e+01
6.716410827636718750e+01
6.724399566650390625e+01
6.724302673339843750e+01
6.716402435302734375e+01
6.712699890136718750e+01
6.715283966064453125e+01
6.719528961181640625e+01
6.724640655517578125e+01
6.728839874267578125e+01
6.729507446289062500e+01
6.729152679443359375e+01
6.728289794921875000e+01
6.728038024902343750e+01
6.728028869628906250e+01
6.727308654785156250e+01
6.726428222656250000e+01
6.725228118896484375e+01
6.724949645996093750e+01
6.724338531494140625e+01
6.723287200927734375e+01
6.722496032714843750e+01
6.723124694824218750e+01
6.723782348632812500e+01
6.723880004882812500e+01
6.724226379394531250e+01
6.723103332519531250e+01
6.721766662597656250e+01
6.719081878662109375e+01
6.717176818847656250e+01
6.716595458984375000e+01
6.718049621582031250e+01
6.719549560546875000e+01
6.718937683105468750e+01
6.715486907958984375e+01
6.713521575927734375e+01
6.713288116455078125e+01
6.713657379150390625e+01
6.713555145263671875e+01
6.710788726806640625e+01
6.708814239501953125e+01
6.706652832031250000e+01
6.705001068115234375e+01
6.702824401855468750e+01
6.701619720458984375e+01
6.700796508789062500e+01
6.700575256347656250e+01
6.700445556640625000e+01
6.698960876464843750e+01
6.694885253906250000e+01
6.691613769531250000e+01
6.689811706542968750e+01
6.688136291503906250e+01
6.686039733886718750e+01
6.682568359375000000e+01
6.679388427734375000e+01
6.677684020996093750e+01
6.675673675537109375e+01
6.674325561523437500e+01
6.672064971923828125e+01
6.664611816406250000e+01
6.659036254882812500e+01
6.655712127685546875e+01
6.653820800781250000e+01
6.649161529541015625e+01
6.645061492919921875e+01
6.639043426513671875e+01
6.626821899414062500e+01
6.612178802490234375e+01
6.650408935546875000e+01
6.681915283203125000e+01
6.688519287109375000e+01
6.673738861083984375e+01
6.548846435546875000e+01
6.499602508544921875e+01
6.496640014648437500e+01
6.500082397460937500e+01
6.579177093505859375e+01
6.679166412353515625e+01
6.660151672363281250e+01
6.568333435058593750e+01
6.511057281494140625e+01
6.508869934082031250e+01
6.506272888183593750e+01
6.506699371337890625e+01
6.511816406250000000e+01
6.513536834716796875e+01
6.503160858154296875e+01
6.485649871826171875e+01
6.470850372314453125e+01
6.459812927246093750e+01
6.462628936767578125e+01
6.478959655761718750e+01
6.491164398193359375e+01
6.497677612304687500e+01
6.504230499267578125e+01
6.505268096923828125e+01
6.490563964843750000e+01
6.465231323242187500e+01
6.454502105712890625e+01
6.454321289062500000e+01
6.460451507568359375e+01
6.470296478271484375e+01
6.479925537109375000e+01
6.491434478759765625e+01
6.496269989013671875e+01
6.498035430908203125e+01
6.494609832763671875e+01
6.483482360839843750e+01
6.474315643310546875e+01
6.470899963378906250e+01
6.470450592041015625e+01
6.472528076171875000e+01
6.479389953613281250e+01
6.487087249755859375e+01
6.493305206298828125e+01
6.503056335449218750e+01
6.511917114257812500e+01
6.512468719482421875e+01
6.507296752929687500e+01
6.496181488037109375e+01
6.471380615234375000e+01
6.453804779052734375e+01
6.450229644775390625e+01
6.460991668701171875e+01
6.483358764648437500e+01
6.499642944335937500e+01
6.496676635742187500e+01
6.492845153808593750e+01
6.490595245361328125e+01
6.476192474365234375e+01
6.458893585205078125e+01
6.452610015869140625e+01
6.462089538574218750e+01
6.478439331054687500e+01
6.489676666259765625e+01
6.489605712890625000e+01
6.484223175048828125e+01
6.471629333496093750e+01
6.459924316406250000e+01
6.460101318359375000e+01
6.470088958740234375e+01
6.483199310302734375e+01
6.490776062011718750e+01
6.489900970458984375e+01
6.480809783935546875e+01
6.463633728027343750e+01
6.450814056396484375e+01
6.450602722167968750e+01
6.464079284667968750e+01
6.481912231445312500e+01
6.492302703857421875e+01
6.492557525634765625e+01
6.483738708496093750e+01
6.466506958007812500e+01
6.453527069091796875e+01
6.452039337158203125e+01
6.463898468017578125e+01
6.479447937011718750e+01
6.488852691650390625e+01
6.490595245361328125e+01
6.480150604248046875e+01
6.467436218261718750e+01
6.459371185302734375e+01
6.458049011230468750e+01
6.465391540527343750e+01
6.477578735351562500e+01
6.487300109863281250e+01
6.488632202148437500e+01
6.480406951904296875e+01
