4.338771438598632812e+01
5.789839935302734375e+01
4.953257751464843750e+01
7.411585998535156250e+01
7.404595184326171875e+01
6.191040039062500000e+01
8.074011230468750000e+01
8.057408905029296875e+01
8.050892639160156250e+01
8.016884613037109375e+01
7.979783630371093750e+01
7.941214752197265625e+01
3.882150268554687500e+01
7.317713165283203125e+01
7.343503570556640625e+01
6.209716796875000000e+01
6.232730865478515625e+01
6.227667236328125000e+01
6.222074127197265625e+01
6.232987976074218750e+01
6.245004272460937500e+01
6.261533355712890625e+01
6.263593292236328125e+01
7.617613220214843750e+01
7.597912597656250000e+01
7.613496398925781250e+01
7.637222290039062500e+01
7.633444213867187500e+01
6.432814788818359375e+01
6.432411193847656250e+01
6.429130554199218750e+01
6.426492309570312500e+01
6.430428314208984375e+01
6.436336517333984375e+01
6.454273986816406250e+01
6.461056518554687500e+01
6.457887268066406250e+01
6.455439758300781250e+01
6.452923583984375000e+01
6.453690338134765625e+01
6.458209228515625000e+01
6.466526031494140625e+01
6.474990844726562500e+01
6.475806427001953125e+01
6.475296783447265625e+01
6.481433105468750000e+01
6.486766052246093750e+01
6.477839660644531250e+01
6.481488037109375000e+01
6.475217437744140625e+01
6.473040771484375000e+01
6.478282165527343750e+01
6.476570892333984375e+01
6.479336547851562500e+01
6.483248138427734375e+01
6.479052734375000000e+01
6.473870086669921875e+01
6.474450683593750000e+01
6.481577301025390625e+01
6.486509704589843750e+01
6.502438354492187500e+01
6.517454528808593750e+01
6.534967041015625000e+01
6.563331604003906250e+01
6.579985046386718750e+01
6.573336791992187500e+01
6.574010467529296875e+01
6.576431274414062500e+01
6.580733489990234375e+01
7.788417053222656250e+01
7.790250396728515625e+01
7.786344146728515625e+01
6.584852600097656250e+01
6.585637664794921875e+01
6.588799285888671875e+01
7.792431640625000000e+01
7.793695831298828125e+01
7.798212432861328125e+01
7.798659515380859375e+01
7.796057128906250000e+01
7.796854400634765625e+01
6.597882080078125000e+01
7.803539276123046875e+01
7.803241729736328125e+01
7.803976440429687500e+01
7.803372192382812500e+01
7.802333068847656250e+01
7.803118133544921875e+01
6.602185058593750000e+01
6.601448059082031250e+01
6.604447174072265625e+01
6.608400726318359375e+01
6.611927795410156250e+01
6.615812683105468750e+01
6.621901702880859375e+01
6.630017089843750000e+01
6.634049987792968750e+01
6.635283660888671875e+01
6.642829895019531250e+01
6.646173858642578125e+01
6.645237731933593750e+01
6.641453552246093750e+01
6.638604736328125000e+01
6.638504028320312500e+01
6.640061187744140625e+01
6.640291595458984375e+01
6.641949462890625000e+01
6.643108367919921875e+01
6.646016693115234375e+01
6.649589538574218750e+01
6.650352478027343750e+01
6.651487731933593750e+01
6.658184814453125000e+01
6.666665649414062500e+01
6.671760559082031250e+01
6.675528717041015625e+01
6.677674865722656250e+01
6.680937957763671875e+01
6.681144714355468750e+01
6.681602478027343750e+01
6.684683227539062500e+01
6.687361145019531250e+01
6.686396789550781250e+01
6.687416839599609375e+01
6.688324737548828125e+01
6.686771392822265625e+01
6.686092376708984375e+01
6.687915802001953125e+01
6.688397216796875000e+01
6.691336059570312500e+01
6.699952697753906250e+01
6.706399536132812500e+01
6.721289825439453125e+01
6.728392028808593750e+01
6.738882446289062500e+01
6.747314453125000000e+01
6.754917907714843750e+01
6.761480712890625000e+01
6.765047454833984375e+01
6.768037414550781250e+01
6.770933532714843750e+01
6.771406555175781250e+01
6.777011108398437500e+01
6.782897186279296875e+01
6.783699035644531250e+01
6.782255554199218750e+01
6.785334014892578125e+01
6.792663574218750000e+01
6.808427429199218750e+01
6.818762207031250000e+01
6.826210021972656250e+01
6.828698730468750000e+01
6.828007507324218750e+01
6.828688049316406250e+01
6.829239654541015625e+01
6.833923339843750000e+01
6.837565612792968750e+01
6.833753967285156250e+01
6.833544921875000000e+01
6.835108184814453125e+01
6.836208343505859375e+01
6.840559387207031250e+01
6.843881225585937500e+01
6.845626068115234375e+01
6.848480987548828125e+01
6.850830078125000000e+01
6.851572418212890625e+01
6.853953552246093750e+01
6.855120849609375000e+01
6.855496215820312500e+01
6.856620025634765625e+01
6.858886718750000000e+01
6.861120605468750000e+01
6.861364746093750000e+01
6.862132263183593750e+01
6.864605712890625000e+01
6.868688201904296875e+01
6.875352478027343750e+01
6.884056854248046875e+01
6.888699340820312500e+01
6.891675567626953125e+01
6.893357086181640625e+01
6.893408203125000000e+01
6.893164825439453125e+01
6.893138122558593750e+01
6.892533111572265625e+01
6.890608215332031250e+01
6.889505004882812500e+01
6.887786102294921875e+01
6.886873626708984375e+01
6.887248229980468750e+01
6.887033081054687500e+01
6.887725830078125000e+01
6.887791442871093750e+01
6.887509918212890625e+01
6.886657714843750000e+01
6.885830688476562500e+01
6.886479949951171875e+01
6.894446563720703125e+01
6.910584259033203125e+01
6.927734375000000000e+01
6.933574676513671875e+01
6.952787780761718750e+01
6.969100952148437500e+01
7.018829345703125000e+01
5.806128692626953125e+01
6.996704101562500000e+01
6.992409515380859375e+01
6.986071014404296875e+01
6.970896148681640625e+01
5.806347656250000000e+01
5.816835021972656250e+01
5.827283477783203125e+01
7.076866149902343750e+01
7.065375518798828125e+01
7.049905395507812500e+01
7.064271545410156250e+01
7.085752105712890625e+01
7.079917907714843750e+01
7.080549621582031250e+01
7.082821655273437500e+01
7.083738708496093750e+01
7.083789062500000000e+01
7.088349151611328125e+01
7.096850585937500000e+01
7.101858520507812500e+01
7.104362487792968750e+01
7.108773803710937500e+01
7.112606811523437500e+01
7.114165496826171875e+01
7.117390441894531250e+01
7.120090484619140625e+01
7.120079803466796875e+01
7.122535705566406250e+01
7.127050018310546875e+01
7.131274414062500000e+01
7.136515808105468750e+01
7.140882873535156250e+01
7.147298431396484375e+01
7.157458496093750000e+01
7.173750305175781250e+01
7.192620086669921875e+01
7.215187072753906250e+01
7.225419616699218750e+01
7.231195068359375000e+01
7.236843872070312500e+01
7.241873168945312500e+01
7.245745849609375000e+01
7.252113342285156250e+01
7.256894683837890625e+01
7.262534332275390625e+01
7.264268493652343750e+01
7.265339660644531250e+01
7.269364929199218750e+01
7.271201324462890625e+01
7.273262023925781250e+01
7.274873352050781250e+01
7.278669738769531250e+01
7.282155609130859375e+01
7.286195373535156250e+01
7.289319610595703125e+01
7.292192077636718750e+01
7.297200775146484375e+01
7.301707458496093750e+01
7.304272460937500000e+01
7.306351470947265625e+01
7.309165191650390625e+01
7.313558959960937500e+01
7.317751312255859375e+01
7.323129272460937500e+01
7.328562164306640625e+01
7.334079742431640625e+01
7.337486267089843750e+01
7.340846252441406250e+01
7.346412658691406250e+01
7.350702667236328125e+01
7.351994323730468750e+01
7.353655242919921875e+01
7.355372619628906250e+01
7.354799652099609375e+01
7.351561737060546875e+01
7.345698547363281250e+01
7.338330841064453125e+01
7.334407043457031250e+01
7.341675567626953125e+01
7.357002258300781250e+01
7.376972198486328125e+01
7.403336334228515625e+01
7.419892883300781250e+01
7.413267517089843750e+01
7.387403869628906250e+01
7.360585021972656250e+01
7.340438842773437500e+01
7.329872131347656250e+01
7.331050109863281250e+01
7.346913909912109375e+01
7.368656921386718750e+01
7.399305725097656250e+01
7.411419677734375000e+01
7.394921875000000000e+01
7.369184875488281250e+01
7.344969177246093750e+01
7.325097656250000000e+01
7.324797058105468750e+01
7.349628448486328125e+01
7.383212280273437500e+01
7.408707427978515625e+01
7.408245849609375000e+01
7.384031677246093750e+01
7.360527801513671875e+01
7.339467620849609375e+01
7.328636169433593750e+01
7.346466064453125000e+01
7.368994903564453125e+01
7.391255187988281250e+01
7.400639343261718750e+01
7.382948303222656250e+01
7.359500885009765625e+01
7.336159515380859375e+01
7.326476287841796875e+01
7.345498657226562500e+01
7.374300384521484375e+01
7.400512695312500000e+01
7.405686950683593750e+01
7.387377929687500000e+01
7.364579010009765625e+01
7.342041015625000000e+01
7.336715698242187500e+01
7.352228546142578125e+01
7.372799682617187500e+01
7.391593170166015625e+01
7.391723632812500000e+01
7.373255920410156250e+01
7.351622009277343750e+01
7.328788757324218750e+01
7.328286743164062500e+01
7.357927703857421875e+01
7.400014495849609375e+01
7.424717712402343750e+01
7.419638824462890625e+01
7.390515899658203125e+01
7.363386535644531250e+01
7.352239990234375000e+01
7.358946228027343750e+01
7.376921081542968750e+01
7.384402465820312500e+01
7.380828857421875000e+01
7.380320739746093750e+01
7.390895080566406250e+01
