7.113841247558593750e+01
3.964717864990234375e+01
6.915818023681640625e+01
6.882962036132812500e+01
6.886019134521484375e+01
6.880857086181640625e+01
5.168942260742187500e+01
5.176793670654296875e+01
5.188718032836914062e+01
6.409443664550781250e+01
6.414095306396484375e+01
7.615345764160156250e+01
7.613098144531250000e+01
7.607977294921875000e+01
7.606665039062500000e+01
7.608773803710937500e+01
7.611770629882812500e+01
7.615285491943359375e+01
7.620271301269531250e+01
7.623822784423828125e+01
7.623316192626953125e+01
7.621076965332031250e+01
7.623945617675781250e+01
7.630729675292968750e+01
7.638661956787109375e+01
7.640062713623046875e+01
7.635378265380859375e+01
7.633000946044921875e+01
7.631014251708984375e+01
7.629912567138671875e+01
7.631114196777343750e+01
7.631824493408203125e+01
7.632587432861328125e+01
7.633415222167968750e+01
7.634732818603515625e+01
7.636044311523437500e+01
7.636956787109375000e+01
7.636376190185546875e+01
7.636931610107421875e+01
7.638159179687500000e+01
7.639609527587890625e+01
7.640278625488281250e+01
7.639577484130859375e+01
7.638806152343750000e+01
7.636944580078125000e+01
7.633587646484375000e+01
7.633499145507812500e+01
7.636004638671875000e+01
7.637388610839843750e+01
7.636183929443359375e+01
7.634141540527343750e+01
7.635157775878906250e+01
7.633924102783203125e+01
7.628804779052734375e+01
7.622339630126953125e+01
7.629129028320312500e+01
7.643157958984375000e+01
6.437718963623046875e+01
6.434055328369140625e+01
6.434851074218750000e+01
6.437377929687500000e+01
6.439120483398437500e+01
7.644175720214843750e+01
6.439413452148437500e+01
6.436130523681640625e+01
6.432453918457031250e+01
6.431212615966796875e+01
6.434363555908203125e+01
6.438467407226562500e+01
7.645727539062500000e+01
7.654531097412109375e+01
5.756853103637695312e+01
5.765952301025390625e+01
5.786067199707031250e+01
5.804761505126953125e+01
5.812267684936523438e+01
5.817270660400390625e+01
5.815901184082031250e+01
5.810317230224609375e+01
5.806897735595703125e+01
5.807459259033203125e+01
5.810386276245117188e+01
5.813303375244140625e+01
5.329565429687500000e+01
5.331378936767578125e+01
5.332962799072265625e+01
5.335427093505859375e+01
5.337772750854492188e+01
5.340445709228515625e+01
5.344458389282226562e+01
7.767596435546875000e+01
7.761515808105468750e+01
7.762373352050781250e+01
7.766626739501953125e+01
7.769914245605468750e+01
7.773453521728515625e+01
7.774613952636718750e+01
7.773802185058593750e+01
7.774151611328125000e+01
7.773697662353515625e+01
7.774212646484375000e+01
7.775594329833984375e+01
7.776664733886718750e+01
7.779025268554687500e+01
7.781443023681640625e+01
7.783372497558593750e+01
7.785517120361328125e+01
7.785931396484375000e+01
7.785889434814453125e+01
7.787075805664062500e+01
7.789904785156250000e+01
7.794194030761718750e+01
7.798012542724609375e+01
7.800065612792968750e+01
7.799293518066406250e+01
7.796588134765625000e+01
7.795516967773437500e+01
7.796116638183593750e+01
7.797779846191406250e+01
7.799191284179687500e+01
7.800026702880859375e+01
7.800635528564453125e+01
7.798799133300781250e+01
7.794693756103515625e+01
7.794557189941406250e+01
7.797754669189453125e+01
7.800640106201171875e+01
7.803137207031250000e+01
7.804510498046875000e+01
7.804368591308593750e+01
7.804038238525390625e+01
7.805471801757812500e+01
7.806800842285156250e+01
7.807916259765625000e+01
7.808345794677734375e+01
7.808285522460937500e+01
7.808227539062500000e+01
7.808830261230468750e+01
7.810215759277343750e+01
7.811941528320312500e+01
7.815608215332031250e+01
7.818807983398437500e+01
7.819813537597656250e+01
7.818967437744140625e+01
7.818114471435546875e+01
7.817649078369140625e+01
7.817192077636718750e+01
7.817086791992187500e+01
7.817713928222656250e+01
7.818270874023437500e+01
7.818849182128906250e+01
7.819386291503906250e+01
7.819084167480468750e+01
7.819736480712890625e+01
7.821426391601562500e+01
7.823568725585937500e+01
7.826052856445312500e+01
7.828316497802734375e+01
7.829245758056640625e+01
7.829611968994140625e+01
7.831060791015625000e+01
7.833055114746093750e+01
7.836913299560546875e+01
7.841584777832031250e+01
7.845543670654296875e+01
7.846915435791015625e+01
7.847113037109375000e+01
7.848355865478515625e+01
7.850703430175781250e+01
7.853936767578125000e+01
7.858303833007812500e+01
7.862892913818359375e+01
7.867127990722656250e+01
7.870095825195312500e+01
7.872898864746093750e+01
7.876457214355468750e+01
7.881963348388671875e+01
7.888236236572265625e+01
7.892668151855468750e+01
7.894392395019531250e+01
7.894866180419921875e+01
7.900523376464843750e+01
7.910075378417968750e+01
7.921138000488281250e+01
7.964473724365234375e+01
8.123623657226562500e+01
5.516114044189453125e+01
5.499664306640625000e+01
4.541759490966796875e+01
4.540359878540039062e+01
6.764436340332031250e+01
6.812013244628906250e+01
6.806959533691406250e+01
8.017428588867187500e+01
7.289724731445312500e+01
7.296842956542968750e+01
