6.015034484863281250e+01
5.997853851318359375e+01
7.194599151611328125e+01
7.202677917480468750e+01
7.216807556152343750e+01
7.217900085449218750e+01
7.215741729736328125e+01
7.211322021484375000e+01
7.238903808593750000e+01
7.390089416503906250e+01
7.396073913574218750e+01
7.351875305175781250e+01
7.233919525146484375e+01
7.229192352294921875e+01
7.228953552246093750e+01
7.239955902099609375e+01
7.233956146240234375e+01
7.233974456787109375e+01
6.040952301025390625e+01
6.043891525268554688e+01
7.247273254394531250e+01
7.241949462890625000e+01
7.238167572021484375e+01
7.233364105224609375e+01
7.230483245849609375e+01
8.438308715820312500e+01
4.832747268676757812e+01
6.051373291015625000e+01
6.051778411865234375e+01
6.038958740234375000e+01
6.036579895019531250e+01
8.433657836914062500e+01
8.427485656738281250e+01
8.418553924560546875e+01
8.404830932617187500e+01
7.188815307617187500e+01
7.180590820312500000e+01
7.172174072265625000e+01
7.156190490722656250e+01
7.146060180664062500e+01
7.141337585449218750e+01
7.136726379394531250e+01
7.135404968261718750e+01
7.131184387207031250e+01
7.125987243652343750e+01
7.121280670166015625e+01
8.319331359863281250e+01
8.318803405761718750e+01
8.318753814697265625e+01
8.319554138183593750e+01
8.323359680175781250e+01
8.331766510009765625e+01
8.349326324462890625e+01
8.367461395263671875e+01
8.372009277343750000e+01
8.371543121337890625e+01
8.370672607421875000e+01
8.369754791259765625e+01
8.370275878906250000e+01
8.370896911621093750e+01
8.371082305908203125e+01
8.370809173583984375e+01
8.375873565673828125e+01
8.401496124267578125e+01
8.431197357177734375e+01
8.443902587890625000e+01
8.453134155273437500e+01
8.457524108886718750e+01
8.461614227294921875e+01
8.469427490234375000e+01
8.479246520996093750e+01
8.485850524902343750e+01
8.488105773925781250e+01
8.488568115234375000e+01
8.488659667968750000e+01
8.490374755859375000e+01
8.493132781982421875e+01
8.495621490478515625e+01
8.497402954101562500e+01
8.499875640869140625e+01
8.504110717773437500e+01
8.509881591796875000e+01
8.515185546875000000e+01
8.518637084960937500e+01
8.520700073242187500e+01
8.524531555175781250e+01
8.529193115234375000e+01
8.536879730224609375e+01
8.546902465820312500e+01
8.563301086425781250e+01
8.613361358642578125e+01
8.625640106201171875e+01
8.624870300292968750e+01
8.624905395507812500e+01
8.625705718994140625e+01
8.625535583496093750e+01
8.597428131103515625e+01
8.556245422363281250e+01
8.550717926025390625e+01
8.550619506835937500e+01
8.548855590820312500e+01
8.536328125000000000e+01
8.551336669921875000e+01
8.633401489257812500e+01
8.646482849121093750e+01
8.581044769287109375e+01
8.557028961181640625e+01
8.554980468750000000e+01
8.555790710449218750e+01
8.560771179199218750e+01
8.613405609130859375e+01
8.635551452636718750e+01
8.646931457519531250e+01
8.665583801269531250e+01
8.671442413330078125e+01
8.574027252197265625e+01
8.566407012939453125e+01
8.586389160156250000e+01
8.627030944824218750e+01
8.634128570556640625e+01
8.635420989990234375e+01
8.634870910644531250e+01
8.614674377441406250e+01
8.572547912597656250e+01
8.567028808593750000e+01
8.597900390625000000e+01
8.633460998535156250e+01
8.638036346435546875e+01
8.638212585449218750e+01
8.639582824707031250e+01
8.628352355957031250e+01
8.576657104492187500e+01
8.570675659179687500e+01
8.581030273437500000e+01
8.625537109375000000e+01
8.639334869384765625e+01
8.639346313476562500e+01
8.638838958740234375e+01
8.637944030761718750e+01
8.609333801269531250e+01
8.575239562988281250e+01
8.572431182861328125e+01
8.594290161132812500e+01
8.635724639892578125e+01
8.641961669921875000e+01
8.642170715332031250e+01
8.642410278320312500e+01
8.643904876708984375e+01
8.624612426757812500e+01
8.580262756347656250e+01
8.575786590576171875e+01
8.576037597656250000e+01
8.580028533935546875e+01
8.616213226318359375e+01
8.640753173828125000e+01
8.641076660156250000e+01
8.641130828857421875e+01
8.642144012451171875e+01
8.642689514160156250e+01
8.642362976074218750e+01
8.646356201171875000e+01
8.623562622070312500e+01
8.575054931640625000e+01
8.568703460693359375e+01
8.567703247070312500e+01
8.589359283447265625e+01
8.634967803955078125e+01
8.641126251220703125e+01
8.641835021972656250e+01
8.643003082275390625e+01
8.643550109863281250e+01
8.643421173095703125e+01
8.641637420654296875e+01
8.639482116699218750e+01
8.638749694824218750e+01
8.639878845214843750e+01
8.649755096435546875e+01
8.671809387207031250e+01
8.591650390625000000e+01
8.582320404052734375e+01
8.624343872070312500e+01
8.640276336669921875e+01
8.640977478027343750e+01
8.642734527587890625e+01
8.644192504882812500e+01
8.644589996337890625e+01
8.643565368652343750e+01
8.642300415039062500e+01
8.641316986083984375e+01
7.440350341796875000e+01
7.440487670898437500e+01
7.440724945068359375e+01
7.440882873535156250e+01
7.440797424316406250e+01
8.643101501464843750e+01
8.653491973876953125e+01
8.620867919921875000e+01
8.575946807861328125e+01
8.569736480712890625e+01
8.591852569580078125e+01
8.640972900390625000e+01
8.641693878173828125e+01
8.641011047363281250e+01
8.641999816894531250e+01
8.641624450683593750e+01
8.639752960205078125e+01
8.639082336425781250e+01
8.639674377441406250e+01
8.639704132080078125e+01
8.638960266113281250e+01
8.637948608398437500e+01
8.637182617187500000e+01
8.637316894531250000e+01
8.637390136718750000e+01
8.638227081298828125e+01
8.644369506835937500e+01
8.630561065673828125e+01
8.580827331542968750e+01
8.618716430664062500e+01
8.638127899169921875e+01
8.638685607910156250e+01
8.638301849365234375e+01
8.638175201416015625e+01
8.636045837402343750e+01
8.630397796630859375e+01
8.624480438232421875e+01
7.421073150634765625e+01
7.421000671386718750e+01
8.624085235595703125e+01
8.629263305664062500e+01
8.631442260742187500e+01
8.626428985595703125e+01
8.622074127197265625e+01
8.625742340087890625e+01
7.440118408203125000e+01
7.465637207031250000e+01
5.523707199096679688e+01
5.529399871826171875e+01
5.550703811645507812e+01
7.630891418457031250e+01
