6.515317535400390625e+01
6.480238342285156250e+01
6.467672729492187500e+01
6.464328002929687500e+01
6.522123718261718750e+01
6.502026367187500000e+01
6.507601928710937500e+01
6.519226074218750000e+01
6.524306488037109375e+01
6.526330566406250000e+01
6.530333709716796875e+01
6.535494995117187500e+01
6.544943237304687500e+01
7.767422485351562500e+01
6.575923156738281250e+01
6.587863922119140625e+01
6.590255737304687500e+01
6.587602996826171875e+01
6.587451171875000000e+01
6.582405853271484375e+01
6.574419403076171875e+01
6.544171142578125000e+01
6.495600891113281250e+01
6.491662597656250000e+01
6.483259582519531250e+01
7.675668334960937500e+01
7.673470306396484375e+01
6.475202941894531250e+01
6.478086853027343750e+01
6.484971618652343750e+01
6.494071960449218750e+01
6.491101074218750000e+01
6.489881896972656250e+01
6.491535186767578125e+01
6.491905212402343750e+01
6.491758728027343750e+01
6.491125488281250000e+01
6.487693023681640625e+01
6.487561798095703125e+01
6.488504028320312500e+01
6.489102172851562500e+01
6.489364624023437500e+01
6.489608764648437500e+01
6.488660430908203125e+01
6.488790130615234375e+01
6.488642120361328125e+01
6.487876892089843750e+01
6.487858581542968750e+01
6.487605285644531250e+01
6.488118743896484375e+01
6.488073730468750000e+01
6.490763854980468750e+01
6.490078735351562500e+01
6.488187408447265625e+01
6.486567687988281250e+01
6.485446929931640625e+01
6.486890411376953125e+01
6.488558959960937500e+01
6.489595031738281250e+01
6.492524719238281250e+01
6.491613006591796875e+01
6.490304565429687500e+01
6.490439605712890625e+01
6.490876770019531250e+01
6.492073822021484375e+01
6.492536926269531250e+01
6.490454101562500000e+01
6.489417266845703125e+01
6.490302276611328125e+01
6.492088317871093750e+01
6.493168640136718750e+01
6.492388916015625000e+01
6.491477966308593750e+01
6.490824890136718750e+01
6.491033935546875000e+01
6.491946411132812500e+01
6.492333984375000000e+01
6.492208099365234375e+01
6.492579650878906250e+01
6.492713165283203125e+01
6.492880249023437500e+01
6.493913269042968750e+01
6.494477081298828125e+01
6.494912719726562500e+01
6.495529174804687500e+01
6.496362304687500000e+01
6.498411560058593750e+01
6.499833679199218750e+01
6.501021575927734375e+01
6.503725433349609375e+01
6.504898071289062500e+01
6.505660247802734375e+01
6.505134582519531250e+01
6.503263092041015625e+01
6.500192260742187500e+01
6.501531982421875000e+01
6.500543975830078125e+01
6.497750854492187500e+01
6.496141052246093750e+01
6.493120574951171875e+01
6.490546417236328125e+01
6.490247344970703125e+01
6.492758178710937500e+01
6.498324584960937500e+01
6.505862426757812500e+01
6.507248687744140625e+01
6.506297302246093750e+01
6.504046630859375000e+01
6.501570129394531250e+01
6.499555969238281250e+01
6.498300933837890625e+01
6.499624633789062500e+01
6.500289916992187500e+01
6.500686645507812500e+01
6.500378417968750000e+01
6.498908233642578125e+01
6.497787475585937500e+01
6.496644592285156250e+01
6.496250915527343750e+01
6.496947479248046875e+01
6.498255157470703125e+01
6.499652862548828125e+01
6.501414489746093750e+01
6.502874755859375000e+01
6.503678894042968750e+01
6.503544616699218750e+01
6.502124023437500000e+01
6.501174163818359375e+01
6.499830627441406250e+01
6.496502685546875000e+01
6.491097259521484375e+01
6.482134246826171875e+01
6.481233978271484375e+01
6.486006164550781250e+01
6.492632293701171875e+01
6.491860961914062500e+01
6.492654418945312500e+01
6.493745422363281250e+01
6.487895202636718750e+01
6.479927062988281250e+01
6.471549987792968750e+01
6.480352783203125000e+01
6.476515960693359375e+01
6.472307586669921875e+01
6.475540161132812500e+01
6.481774902343750000e+01
6.486254882812500000e+01
6.492223358154296875e+01
6.490992736816406250e+01
6.476484680175781250e+01
6.465983581542968750e+01
6.460496520996093750e+01
6.465408325195312500e+01
6.483759307861328125e+01
6.491929626464843750e+01
6.492396545410156250e+01
6.491818237304687500e+01
6.491960144042968750e+01
6.491961669921875000e+01
6.492518615722656250e+01
6.493173980712890625e+01
6.493456268310546875e+01
6.493544006347656250e+01
6.493526458740234375e+01
6.492922210693359375e+01
6.490670776367187500e+01
6.489980316162109375e+01
6.489544677734375000e+01
6.489932250976562500e+01
6.490226745605468750e+01
6.489938354492187500e+01
6.488647460937500000e+01
6.486877441406250000e+01
6.485281372070312500e+01
6.484522247314453125e+01
6.484487915039062500e+01
6.485310363769531250e+01
6.486045837402343750e+01
6.486935424804687500e+01
6.487313842773437500e+01
6.487074279785156250e+01
6.487043762207031250e+01
6.486492919921875000e+01
6.485424804687500000e+01
6.484521484375000000e+01
6.483980560302734375e+01
6.487896728515625000e+01
6.487667846679687500e+01
6.484696960449218750e+01
6.484010314941406250e+01
6.482768249511718750e+01
6.482177734375000000e+01
6.483003234863281250e+01
6.483933258056640625e+01
6.485311126708984375e+01
6.485840606689453125e+01
6.485488128662109375e+01
