5.525530242919921875e+01
5.012366485595703125e+01
5.974984359741210938e+01
4.949269866943359375e+01
6.876049041748046875e+01
7.475314331054687500e+01
6.263942718505859375e+01
6.265757751464843750e+01
7.450542449951171875e+01
6.240615844726562500e+01
7.445465087890625000e+01
8.694013214111328125e+01
8.758587646484375000e+01
7.568470764160156250e+01
7.571166992187500000e+01
8.756883239746093750e+01
8.697595214843750000e+01
8.671401214599609375e+01
8.665225219726562500e+01
8.663572692871093750e+01
8.672225952148437500e+01
8.700066375732421875e+01
6.810671234130859375e+01
6.802140808105468750e+01
6.799075317382812500e+01
8.707675170898437500e+01
8.720477294921875000e+01
8.727752685546875000e+01
8.731274414062500000e+01
7.542753601074218750e+01
7.547738647460937500e+01
7.547489166259765625e+01
7.545115661621093750e+01
8.742395782470703125e+01
8.740884399414062500e+01
8.739939880371093750e+01
8.739263916015625000e+01
8.738604736328125000e+01
8.738356781005859375e+01
8.737199401855468750e+01
8.734440612792968750e+01
8.732160949707031250e+01
8.732437896728515625e+01
8.734463500976562500e+01
8.735662841796875000e+01
8.735539245605468750e+01
8.734362792968750000e+01
8.732901000976562500e+01
8.732049560546875000e+01
8.732160949707031250e+01
8.733440399169921875e+01
8.734398651123046875e+01
8.733798217773437500e+01
8.732005310058593750e+01
8.729756164550781250e+01
8.728446197509765625e+01
8.727785491943359375e+01
8.727210235595703125e+01
8.727491760253906250e+01
8.727624511718750000e+01
8.727581024169921875e+01
8.726834869384765625e+01
8.724474334716796875e+01
8.722329711914062500e+01
8.721987915039062500e+01
8.722127532958984375e+01
8.722159576416015625e+01
8.723159027099609375e+01
8.723799133300781250e+01
8.722488403320312500e+01
8.720718383789062500e+01
8.718508911132812500e+01
8.717796325683593750e+01
8.718793487548828125e+01
8.719742584228515625e+01
8.720328521728515625e+01
8.720591735839843750e+01
8.720388031005859375e+01
8.720343780517578125e+01
8.720222473144531250e+01
8.719860076904296875e+01
8.720625305175781250e+01
8.722012329101562500e+01
8.722488403320312500e+01
8.722514343261718750e+01
8.721376037597656250e+01
8.719705963134765625e+01
8.718327331542968750e+01
8.716766357421875000e+01
8.714048004150390625e+01
8.710268402099609375e+01
7.505031585693359375e+01
8.698527526855468750e+01
8.691159057617187500e+01
8.684698486328125000e+01
8.680791473388671875e+01
8.677565765380859375e+01
8.673503112792968750e+01
8.667900848388671875e+01
7.460633850097656250e+01
8.653581237792968750e+01
8.653292846679687500e+01
7.460264587402343750e+01
8.669232177734375000e+01
8.679735565185546875e+01
8.724034118652343750e+01
8.760446929931640625e+01
8.748416137695312500e+01
8.742772674560546875e+01
8.728027343750000000e+01
8.696012115478515625e+01
8.704698181152343750e+01
8.750255584716796875e+01
8.786151123046875000e+01
8.771720886230468750e+01
8.721958160400390625e+01
8.651435089111328125e+01
8.629557800292968750e+01
8.630255889892578125e+01
8.631082916259765625e+01
8.631384277343750000e+01
8.630311584472656250e+01
8.628317260742187500e+01
8.625884246826171875e+01
8.624271392822265625e+01
8.623770141601562500e+01
8.625537109375000000e+01
8.628772735595703125e+01
8.631961059570312500e+01
8.634765625000000000e+01
8.636977386474609375e+01
8.637648773193359375e+01
8.637120056152343750e+01
8.636529541015625000e+01
8.637736511230468750e+01
8.657118225097656250e+01
8.707981872558593750e+01
8.706072998046875000e+01
8.575437164306640625e+01
8.586741638183593750e+01
8.589322662353515625e+01
8.563871765136718750e+01
8.449675750732421875e+01
8.391749572753906250e+01
8.388351440429687500e+01
8.388406372070312500e+01
8.388875579833984375e+01
8.388610839843750000e+01
8.389208984375000000e+01
8.395096588134765625e+01
8.465367889404296875e+01
8.575617980957031250e+01
8.584608459472656250e+01
8.535180664062500000e+01
8.415917205810546875e+01
8.411298370361328125e+01
8.413405609130859375e+01
8.414974975585937500e+01
7.213945007324218750e+01
8.410462188720703125e+01
8.404802703857421875e+01
8.398115539550781250e+01
8.391906738281250000e+01
8.393379974365234375e+01
8.403153228759765625e+01
8.410026550292968750e+01
7.212769317626953125e+01
8.412277221679687500e+01
8.408747100830078125e+01
8.434609985351562500e+01
8.561349487304687500e+01
8.587307739257812500e+01
8.581251525878906250e+01
7.375756835937500000e+01
7.368833923339843750e+01
7.359744262695312500e+01
7.380164337158203125e+01
7.409012603759765625e+01
7.400224304199218750e+01
7.394458007812500000e+01
7.398983764648437500e+01
7.414168548583984375e+01
7.424667358398437500e+01
7.400905609130859375e+01
