4.590274810791015625e+01
7.553759765625000000e+01
4.587776184082031250e+01
7.552613830566406250e+01
7.550894165039062500e+01
7.553002166748046875e+01
7.551216125488281250e+01
7.546235656738281250e+01
7.542313385009765625e+01
7.539297485351562500e+01
4.582478332519531250e+01
7.538661193847656250e+01
7.541884613037109375e+01
7.544881439208984375e+01
4.582602310180664062e+01
4.582188034057617188e+01
5.363390350341796875e+01
4.302366638183593750e+01
6.237852478027343750e+01
6.240446472167968750e+01
6.249839019775390625e+01
7.478906250000000000e+01
7.544075012207031250e+01
5.417402648925781250e+01
5.425471496582031250e+01
6.280017089843750000e+01
6.261170959472656250e+01
6.251110076904296875e+01
6.241720581054687500e+01
6.244678497314453125e+01
6.251364898681640625e+01
6.254650878906250000e+01
6.253292083740234375e+01
6.249633026123046875e+01
8.648188781738281250e+01
8.650702667236328125e+01
8.654851531982421875e+01
7.456772613525390625e+01
8.654957580566406250e+01
8.650391387939453125e+01
8.647203826904296875e+01
8.651487731933593750e+01
7.459467315673828125e+01
8.668723297119140625e+01
8.675033569335937500e+01
8.678289794921875000e+01
8.678162384033203125e+01
8.673800659179687500e+01
8.667822265625000000e+01
8.665855407714843750e+01
8.668695831298828125e+01
8.671578216552734375e+01
8.670655822753906250e+01
8.667602539062500000e+01
8.664068603515625000e+01
7.461248016357421875e+01
7.461207580566406250e+01
8.663976287841796875e+01
8.668168640136718750e+01
8.672532653808593750e+01
8.673937225341796875e+01
8.672512817382812500e+01
8.672895050048828125e+01
8.677467346191406250e+01
8.684867095947265625e+01
8.692797851562500000e+01
7.499964141845703125e+01
7.505606079101562500e+01
8.710145568847656250e+01
8.713979339599609375e+01
8.719366455078125000e+01
8.726670837402343750e+01
8.738592529296875000e+01
8.754040527343750000e+01
8.769759368896484375e+01
8.793389129638671875e+01
8.824827575683593750e+01
7.645278167724609375e+01
8.861015319824218750e+01
8.891466522216796875e+01
6.144132232666015625e+01
7.808418273925781250e+01
6.082907104492187500e+01
6.083959579467773438e+01
6.917593383789062500e+01
6.936341857910156250e+01
6.947989654541015625e+01
6.950205993652343750e+01
6.953440856933593750e+01
6.950428771972656250e+01
6.945416259765625000e+01
6.941617584228515625e+01
6.939598083496093750e+01
6.941502380371093750e+01
6.945585632324218750e+01
8.149314880371093750e+01
8.148175811767578125e+01
8.143193054199218750e+01
8.136031341552734375e+01
8.130537414550781250e+01
8.128877258300781250e+01
6.929608154296875000e+01
6.933237457275390625e+01
6.936280059814453125e+01
6.936466979980468750e+01
6.934719848632812500e+01
6.934475708007812500e+01
8.135311126708984375e+01
8.135055541992187500e+01
8.134408569335937500e+01
8.134523010253906250e+01
6.934020233154296875e+01
6.933032989501953125e+01
6.932021331787109375e+01
8.131392669677734375e+01
8.131001281738281250e+01
8.131374359130859375e+01
8.131285095214843750e+01
8.131991577148437500e+01
8.132741546630859375e+01
8.132946777343750000e+01
8.131792449951171875e+01
8.130524444580078125e+01
8.129788970947265625e+01
8.129319763183593750e+01
8.128302764892578125e+01
8.127090454101562500e+01
8.127684020996093750e+01
8.128746032714843750e+01
8.127299499511718750e+01
8.125070953369140625e+01
8.124349975585937500e+01
8.124363708496093750e+01
8.125030517578125000e+01
8.125506591796875000e+01
8.125727844238281250e+01
8.125843811035156250e+01
8.123788452148437500e+01
8.121186828613281250e+01
8.120742034912109375e+01
8.121258544921875000e+01
8.121476745605468750e+01
8.121940612792968750e+01
8.122391510009765625e+01
8.122942352294921875e+01
8.122891235351562500e+01
8.122458648681640625e+01
8.122868347167968750e+01
8.122740936279296875e+01
8.122210693359375000e+01
8.122425842285156250e+01
8.122746276855468750e+01
8.123268127441406250e+01
8.122874450683593750e+01
8.121846771240234375e+01
8.121332550048828125e+01
8.121215057373046875e+01
8.121307373046875000e+01
8.122003173828125000e+01
8.122331237792968750e+01
8.121968841552734375e+01
8.121019744873046875e+01
8.120745849609375000e+01
8.120753479003906250e+01
8.120555114746093750e+01
8.120708465576171875e+01
8.120584869384765625e+01
8.120674133300781250e+01
8.121446228027343750e+01
8.121788024902343750e+01
8.121054077148437500e+01
8.121032714843750000e+01
8.121699523925781250e+01
8.121894073486328125e+01
8.121045684814453125e+01
8.120387268066406250e+01
8.119665527343750000e+01
8.119316101074218750e+01
8.119328308105468750e+01
8.119318389892578125e+01
8.119136047363281250e+01
8.118621826171875000e+01
8.119605255126953125e+01
8.121154785156250000e+01
8.121573638916015625e+01
8.120579528808593750e+01
8.120046997070312500e+01
8.120552825927734375e+01
8.120439147949218750e+01
8.120939636230468750e+01
8.121710968017578125e+01
8.121739959716796875e+01
8.120698547363281250e+01
8.120117950439453125e+01
8.121107482910156250e+01
8.122808837890625000e+01
8.124558258056640625e+01
8.126087188720703125e+01
8.127246093750000000e+01
8.127790069580078125e+01
8.126182556152343750e+01
8.123159790039062500e+01
8.120889282226562500e+01
8.119924926757812500e+01
8.120286560058593750e+01
8.121301269531250000e+01
8.122080993652343750e+01
8.122984313964843750e+01
8.122573852539062500e+01
8.120564270019531250e+01
8.119867706298828125e+01
8.120712280273437500e+01
8.121972656250000000e+01
8.124489593505859375e+01
8.126049041748046875e+01
8.126568603515625000e+01
8.125761413574218750e+01
8.123674774169921875e+01
8.123129272460937500e+01
8.123702239990234375e+01
8.123522949218750000e+01
8.123136901855468750e+01
8.123843383789062500e+01
8.124700927734375000e+01
8.123665618896484375e+01
8.121479797363281250e+01
8.120732879638671875e+01
8.121443176269531250e+01
8.121145629882812500e+01
8.120291137695312500e+01
8.120128631591796875e+01
8.120016479492187500e+01
8.118125152587890625e+01
8.115096282958984375e+01
8.114042663574218750e+01
8.114192962646484375e+01
8.114176177978515625e+01
8.115029907226562500e+01
8.115689086914062500e+01
8.115966033935546875e+01
8.115578460693359375e+01
8.114150238037109375e+01
8.113827514648437500e+01
8.114367675781250000e+01
8.114108276367187500e+01
8.114321136474609375e+01
8.115258026123046875e+01
8.117053222656250000e+01
8.117289733886718750e+01
8.116425323486328125e+01
8.116290283203125000e+01
8.116398620605468750e+01
8.115653991699218750e+01
8.114794158935546875e+01
8.114755249023437500e+01
8.114724731445312500e+01
8.113919830322265625e+01
8.112419128417968750e+01
8.111914062500000000e+01
8.112051391601562500e+01
8.111121368408203125e+01
8.110377502441406250e+01
8.111365509033203125e+01
8.112518310546875000e+01
8.112218475341796875e+01
8.112008666992187500e+01
8.112508392333984375e+01
8.113594055175781250e+01
8.115496826171875000e+01
8.118733215332031250e+01
8.121545410156250000e+01
8.122470092773437500e+01
8.121286773681640625e+01
8.120712280273437500e+01
8.121806335449218750e+01
8.123042297363281250e+01
8.122848510742187500e+01
8.122564697265625000e+01
8.123298645019531250e+01
8.123092651367187500e+01
8.121110534667968750e+01
8.119548034667968750e+01
8.119133758544921875e+01
8.120262145996093750e+01
8.121640777587890625e+01
8.122626495361328125e+01
8.123141479492187500e+01
6.922231292724609375e+01
6.920685577392578125e+01
6.920152282714843750e+01
6.920679473876953125e+01
6.921843719482421875e+01
6.923074340820312500e+01
6.923542022705078125e+01
6.923525238037109375e+01
6.922985839843750000e+01
6.920414733886718750e+01
6.919159698486328125e+01
8.120285034179687500e+01
8.119781494140625000e+01
8.119630432128906250e+01
8.120051574707031250e+01
8.120481109619140625e+01
8.119495391845703125e+01
8.118865966796875000e+01
8.117456054687500000e+01
8.116867065429687500e+01
8.117484283447265625e+01
8.118634033203125000e+01
6.917996215820312500e+01
8.120254516601562500e+01
8.117512512207031250e+01
8.113497161865234375e+01
8.113088989257812500e+01
8.114186859130859375e+01
8.116538238525390625e+01
8.117057800292968750e+01
8.115656280517578125e+01
8.115316772460937500e+01
8.114583587646484375e+01
8.112833404541015625e+01
8.111800384521484375e+01
8.111891174316406250e+01
8.112758636474609375e+01
8.114289093017578125e+01
8.117017364501953125e+01
6.918867492675781250e+01
6.918058013916015625e+01
6.915383911132812500e+01
6.913217926025390625e+01
6.912273406982421875e+01
6.911955261230468750e+01
6.913433837890625000e+01
6.915581512451171875e+01
6.916775512695312500e+01
6.915675354003906250e+01
6.913780212402343750e+01
6.913233947753906250e+01
6.914079284667968750e+01
6.914196014404296875e+01
6.913950347900390625e+01
6.914778137207031250e+01
6.915484619140625000e+01
6.913441467285156250e+01
6.910017395019531250e+01
6.909605407714843750e+01
6.911206817626953125e+01
6.913530731201171875e+01
6.915687561035156250e+01
6.917390441894531250e+01
6.917897796630859375e+01
6.916143798828125000e+01
6.913005065917968750e+01
8.112465667724609375e+01
8.113647460937500000e+01
8.115054321289062500e+01
8.115276336669921875e+01
8.115124511718750000e+01
8.114477539062500000e+01
8.113661193847656250e+01
8.110858154296875000e+01
8.109094238281250000e+01
8.110494232177734375e+01
8.112178039550781250e+01
8.112550354003906250e+01
8.111619567871093750e+01
8.111268615722656250e+01
8.109965515136718750e+01
8.105796051025390625e+01
6.903811645507812500e+01
6.905469512939453125e+01
8.107059478759765625e+01
8.108044433593750000e+01
8.110653686523437500e+01
6.912483215332031250e+01
6.913743591308593750e+01
6.912884521484375000e+01
6.909803771972656250e+01
6.908255004882812500e+01
8.108827972412109375e+01
8.110379028320312500e+01
8.112670898437500000e+01
8.113912963867187500e+01
8.112948608398437500e+01
8.110357666015625000e+01
8.108641052246093750e+01
8.109642791748046875e+01
8.111177062988281250e+01
8.112818145751953125e+01
8.115785217285156250e+01
8.117852783203125000e+01
8.118014526367187500e+01
8.115585327148437500e+01
8.112814331054687500e+01
8.111547088623046875e+01
8.110892486572265625e+01
8.111661529541015625e+01
8.110856628417968750e+01
8.109833526611328125e+01
8.108648681640625000e+01
8.105087280273437500e+01
8.101862335205078125e+01
8.103110504150390625e+01
8.107748413085937500e+01
8.112801361083984375e+01
8.116547393798828125e+01
8.119361877441406250e+01
8.118920898437500000e+01
8.113058471679687500e+01
8.105263519287109375e+01
8.099827575683593750e+01
8.097192382812500000e+01
8.097570800781250000e+01
6.899330139160156250e+01
6.902998352050781250e+01
6.907737731933593750e+01
6.910421752929687500e+01
6.911791229248046875e+01
6.911489105224609375e+01
6.909077453613281250e+01
6.905815887451171875e+01
6.903027343750000000e+01
6.900592803955078125e+01
6.898241424560546875e+01
6.896783447265625000e+01
6.897457885742187500e+01
6.901184082031250000e+01
6.906568908691406250e+01
6.910565948486328125e+01
6.914211273193359375e+01
6.917976379394531250e+01
6.920217132568359375e+01
6.917512512207031250e+01
6.909141540527343750e+01
6.902042388916015625e+01
8.099302673339843750e+01
8.099322509765625000e+01
8.102422332763671875e+01
8.109118652343750000e+01
6.914925384521484375e+01
6.916204071044921875e+01
6.911714935302734375e+01
6.905043029785156250e+01
6.900498199462890625e+01
6.898652648925781250e+01
6.900508880615234375e+01
6.905578613281250000e+01
6.911135864257812500e+01
6.913685607910156250e+01
6.911619567871093750e+01
6.909290313720703125e+01
6.907936096191406250e+01
6.906703186035156250e+01
6.905206298828125000e+01
6.904911804199218750e+01
6.905821990966796875e+01
6.907305908203125000e+01
6.908553314208984375e+01
6.912229156494140625e+01
6.918819427490234375e+01
6.923934936523437500e+01
6.927820587158203125e+01
6.925260162353515625e+01
6.916548156738281250e+01
6.907585906982421875e+01
6.899781799316406250e+01
6.901173400878906250e+01
6.912417602539062500e+01
6.924243927001953125e+01
6.930662536621093750e+01
6.930587768554687500e+01
6.925341796875000000e+01
6.914363861083984375e+01
6.899623107910156250e+01
6.892022705078125000e+01
6.902439117431640625e+01
6.915205383300781250e+01
6.926319885253906250e+01
6.930619812011718750e+01
6.927158355712890625e+01
6.915767669677734375e+01
6.899658203125000000e+01
6.889369201660156250e+01
6.895881652832031250e+01
6.911820983886718750e+01
6.924839019775390625e+01
6.932840728759765625e+01
6.929823303222656250e+01
6.916594696044921875e+01
6.899468231201171875e+01
6.888214874267578125e+01
6.895436859130859375e+01
6.912509918212890625e+01
6.925727844238281250e+01
6.932250976562500000e+01
6.931060791015625000e+01
6.921757507324218750e+01
6.905499267578125000e+01
6.892742156982421875e+01
6.896560668945312500e+01
6.911538696289062500e+01
6.924450683593750000e+01
6.930116271972656250e+01
6.928925323486328125e+01
6.921472167968750000e+01
6.905653381347656250e+01
6.892699432373046875e+01
6.894210052490234375e+01
6.906919860839843750e+01
6.920301818847656250e+01
6.929595947265625000e+01
6.930952453613281250e+01
6.924193572998046875e+01
6.910541534423828125e+01
6.896322631835937500e+01
6.888700866699218750e+01
6.896615600585937500e+01
6.911941528320312500e+01
6.922677612304687500e+01
6.927140808105468750e+01
6.925155639648437500e+01
6.914933776855468750e+01
6.901400756835937500e+01
6.890447998046875000e+01
6.889273834228515625e+01
6.899909973144531250e+01
6.913349914550781250e+01
6.922356414794921875e+01
6.925575256347656250e+01
6.922357940673828125e+01
6.911969757080078125e+01
6.898450469970703125e+01
6.887478637695312500e+01
6.888661956787109375e+01
6.901251220703125000e+01
6.912939453125000000e+01
6.919470214843750000e+01
6.921076965332031250e+01
6.914762878417968750e+01
6.900240325927734375e+01
6.887056732177734375e+01
6.888134765625000000e+01
6.898504638671875000e+01
6.908540344238281250e+01
6.916761779785156250e+01
6.921478271484375000e+01
6.918266296386718750e+01
6.905807495117187500e+01
6.891088104248046875e+01
6.886465454101562500e+01
6.893630981445312500e+01
6.905860900878906250e+01
6.915690612792968750e+01
6.922320556640625000e+01
6.924356079101562500e+01
6.917214965820312500e+01
6.902539062500000000e+01
6.890055084228515625e+01
6.885256958007812500e+01
6.888478088378906250e+01
6.897225189208984375e+01
6.909465789794921875e+01
6.915731811523437500e+01
6.913909912109375000e+01
6.905163574218750000e+01
6.896125030517578125e+01
6.889314270019531250e+01
6.886898040771484375e+01
6.890864562988281250e+01
6.900083923339843750e+01
6.910110473632812500e+01
6.914740753173828125e+01
6.911944580078125000e+01
6.905407714843750000e+01
6.898644256591796875e+01
6.892977142333984375e+01
6.892096710205078125e+01
6.899530029296875000e+01
6.909312438964843750e+01
6.916912841796875000e+01
6.919126892089843750e+01
6.915560913085937500e+01
6.907828521728515625e+01
6.898606872558593750e+01
6.894541931152343750e+01
6.897915649414062500e+01
6.905334472656250000e+01
6.911335754394531250e+01
6.914744567871093750e+01
6.916326141357421875e+01
6.916414642333984375e+01
6.914215087890625000e+01
6.909400177001953125e+01
6.905743408203125000e+01
6.905728912353515625e+01
6.906413269042968750e+01
6.907208251953125000e+01
6.907898712158203125e+01
6.908898925781250000e+01
6.909202575683593750e+01
6.909759521484375000e+01
6.910479736328125000e+01
6.911634063720703125e+01
6.912114715576171875e+01
6.912006378173828125e+01
6.913542175292968750e+01
6.914885711669921875e+01
6.913605499267578125e+01
6.910264587402343750e+01
6.909922027587890625e+01
6.910474395751953125e+01
6.909122467041015625e+01
6.907380676269531250e+01
6.908197021484375000e+01
6.909279632568359375e+01
6.911468505859375000e+01
6.920732116699218750e+01
6.929161071777343750e+01
6.934881591796875000e+01
6.934406280517578125e+01
6.936865234375000000e+01
6.945464324951171875e+01
6.952420043945312500e+01
6.952694702148437500e+01
6.944103240966796875e+01
6.930718231201171875e+01
6.941929626464843750e+01
6.954357910156250000e+01
6.945416259765625000e+01
6.935939025878906250e+01
