7.798593902587890625e+01
7.773236083984375000e+01
7.768965148925781250e+01
7.769181823730468750e+01
7.765307617187500000e+01
7.762975311279296875e+01
7.766471862792968750e+01
7.768438720703125000e+01
7.770051574707031250e+01
7.772741699218750000e+01
7.775828552246093750e+01
7.779215240478515625e+01
7.783866882324218750e+01
7.786430358886718750e+01
7.785821533203125000e+01
7.784865570068359375e+01
7.785082244873046875e+01
7.787243652343750000e+01
7.790518188476562500e+01
7.794809722900390625e+01
7.799031066894531250e+01
7.801561737060546875e+01
7.804747772216796875e+01
7.809281921386718750e+01
7.813687133789062500e+01
7.821229553222656250e+01
7.839835357666015625e+01
7.859228515625000000e+01
7.869941711425781250e+01
7.874085998535156250e+01
7.878360748291015625e+01
7.881991577148437500e+01
7.884158325195312500e+01
7.884427642822265625e+01
7.883049011230468750e+01
7.882122039794921875e+01
7.882170104980468750e+01
7.882894897460937500e+01
7.883170318603515625e+01
7.883090209960937500e+01
7.882857513427734375e+01
7.882241821289062500e+01
7.882555389404296875e+01
7.883986663818359375e+01
7.884005737304687500e+01
7.883480072021484375e+01
7.883950042724609375e+01
7.884738159179687500e+01
7.885519409179687500e+01
7.887138366699218750e+01
7.887477111816406250e+01
7.887284851074218750e+01
7.887636566162109375e+01
7.888551330566406250e+01
7.890672302246093750e+01
7.892531585693359375e+01
7.893182373046875000e+01
7.894925689697265625e+01
7.898434448242187500e+01
7.901535034179687500e+01
7.903250122070312500e+01
7.903841400146484375e+01
7.904879760742187500e+01
7.907171630859375000e+01
7.911592102050781250e+01
7.918324279785156250e+01
7.923722839355468750e+01
7.918576812744140625e+01
7.906703186035156250e+01
7.895841217041015625e+01
7.886538696289062500e+01
7.882634735107421875e+01
7.884485626220703125e+01
7.894879150390625000e+01
7.911235809326171875e+01
7.927578735351562500e+01
7.932423400878906250e+01
7.924377441406250000e+01
7.905654907226562500e+01
7.888579559326171875e+01
7.878330993652343750e+01
7.879878234863281250e+01
7.888024139404296875e+01
7.903576660156250000e+01
7.916692352294921875e+01
7.916049194335937500e+01
7.902837371826171875e+01
7.886495208740234375e+01
7.876966857910156250e+01
7.876809692382812500e+01
7.885954284667968750e+01
7.904691314697265625e+01
7.919525146484375000e+01
7.917021179199218750e+01
7.900915527343750000e+01
7.884822082519531250e+01
7.876600646972656250e+01
7.878665161132812500e+01
7.892255401611328125e+01
7.914449310302734375e+01
7.924299621582031250e+01
7.917255401611328125e+01
7.897422790527343750e+01
7.875953674316406250e+01
7.868452453613281250e+01
7.871922302246093750e+01
7.890715026855468750e+01
7.908853912353515625e+01
7.908886718750000000e+01
7.893228149414062500e+01
7.877441406250000000e+01
7.870570373535156250e+01
7.872592926025390625e+01
7.887808227539062500e+01
7.907942962646484375e+01
7.914924621582031250e+01
7.906169891357421875e+01
7.888585662841796875e+01
7.879026794433593750e+01
7.879475402832031250e+01
7.891519927978515625e+01
7.911258697509765625e+01
7.920220947265625000e+01
7.913636779785156250e+01
7.891970825195312500e+01
7.875575256347656250e+01
7.872625732421875000e+01
7.881552886962890625e+01
7.903018951416015625e+01
7.916153717041015625e+01
7.912154388427734375e+01
7.891116333007812500e+01
7.870014190673828125e+01
7.864743041992187500e+01
7.869558715820312500e+01
7.885877990722656250e+01
7.899960327148437500e+01
7.899692535400390625e+01
7.882292175292968750e+01
7.864936828613281250e+01
7.860098266601562500e+01
7.869600677490234375e+01
7.893116760253906250e+01
7.912918090820312500e+01
7.918165588378906250e+01
7.909165954589843750e+01
7.888852691650390625e+01
7.875327301025390625e+01
7.879659271240234375e+01
7.893511962890625000e+01
7.907904052734375000e+01
7.910942077636718750e+01
7.902005004882812500e+01
7.886390686035156250e+01
7.880860900878906250e+01
7.886521148681640625e+01
7.901473999023437500e+01
7.914617156982421875e+01
7.916756439208984375e+01
7.909090423583984375e+01
7.890882873535156250e+01
7.880068969726562500e+01
7.884223175048828125e+01
7.894094085693359375e+01
7.903981018066406250e+01
7.903269958496093750e+01
7.887509155273437500e+01
7.862120056152343750e+01
7.850990295410156250e+01
7.859907531738281250e+01
7.878811645507812500e+01
7.896562194824218750e+01
7.903012847900390625e+01
7.893780517578125000e+01
7.870616149902343750e+01
7.856349182128906250e+01
7.863328552246093750e+01
7.880085754394531250e+01
7.892616271972656250e+01
7.897332763671875000e+01
7.892773437500000000e+01
7.882575988769531250e+01
7.876603698730468750e+01
7.879689025878906250e+01
7.890193176269531250e+01
