6.868865966796875000e+01
6.920175170898437500e+01
6.914006042480468750e+01
6.882633972167968750e+01
6.886357116699218750e+01
6.887924194335937500e+01
6.888153839111328125e+01
6.893342590332031250e+01
6.902609252929687500e+01
6.910658264160156250e+01
6.915931701660156250e+01
6.921438598632812500e+01
6.925432586669921875e+01
6.926785278320312500e+01
6.927088928222656250e+01
6.928069305419921875e+01
6.929220581054687500e+01
6.931101989746093750e+01
6.935338592529296875e+01
6.941668701171875000e+01
6.945774078369140625e+01
6.944561767578125000e+01
6.942475128173828125e+01
6.942540740966796875e+01
6.942431640625000000e+01
6.938481140136718750e+01
6.932812500000000000e+01
6.927567291259765625e+01
6.919642639160156250e+01
6.910929870605468750e+01
6.903663635253906250e+01
6.897652435302734375e+01
6.895382690429687500e+01
6.898432922363281250e+01
6.905960083007812500e+01
6.915744018554687500e+01
6.922524261474609375e+01
6.923652648925781250e+01
6.916693115234375000e+01
6.902563476562500000e+01
6.886948394775390625e+01
6.875517272949218750e+01
6.862522125244140625e+01
6.842046356201171875e+01
6.832313537597656250e+01
6.832165527343750000e+01
6.829772949218750000e+01
6.824913787841796875e+01
6.818864440917968750e+01
6.819077301025390625e+01
6.823577117919921875e+01
6.838039398193359375e+01
6.867976379394531250e+01
6.893950653076171875e+01
6.921114349365234375e+01
6.930876159667968750e+01
6.934197998046875000e+01
6.933332061767578125e+01
6.934304046630859375e+01
6.938281250000000000e+01
6.943476867675781250e+01
6.945283508300781250e+01
6.944419860839843750e+01
6.945596313476562500e+01
6.950222015380859375e+01
6.955854797363281250e+01
6.963816833496093750e+01
6.968518829345703125e+01
6.968107604980468750e+01
6.961163330078125000e+01
6.955615997314453125e+01
6.957187652587890625e+01
6.960443878173828125e+01
6.962696838378906250e+01
6.961585998535156250e+01
6.956903076171875000e+01
6.953167724609375000e+01
6.957586669921875000e+01
6.968408966064453125e+01
6.975440979003906250e+01
6.979130554199218750e+01
6.980833435058593750e+01
6.978271484375000000e+01
6.979051971435546875e+01
6.979660034179687500e+01
6.979842376708984375e+01
6.977474975585937500e+01
6.974235534667968750e+01
6.970075988769531250e+01
6.969005584716796875e+01
6.974045562744140625e+01
6.978311920166015625e+01
6.979365539550781250e+01
6.976197052001953125e+01
6.976683807373046875e+01
6.980717468261718750e+01
6.986740112304687500e+01
6.988971710205078125e+01
6.990489196777343750e+01
6.988960266113281250e+01
6.988551330566406250e+01
6.988611602783203125e+01
6.985939025878906250e+01
6.982071685791015625e+01
6.982035827636718750e+01
6.987234497070312500e+01
6.991562652587890625e+01
6.994899749755859375e+01
6.993945312500000000e+01
6.992288208007812500e+01
6.991080474853515625e+01
6.992088317871093750e+01
6.994635009765625000e+01
6.997989654541015625e+01
6.999415588378906250e+01
6.999620819091796875e+01
7.000292968750000000e+01
7.000685119628906250e+01
7.001313781738281250e+01
7.000940704345703125e+01
6.999098968505859375e+01
6.998809814453125000e+01
6.999810791015625000e+01
7.002355957031250000e+01
7.003799438476562500e+01
7.003787994384765625e+01
7.003318786621093750e+01
7.002473449707031250e+01
7.001464843750000000e+01
7.001581573486328125e+01
7.001823425292968750e+01
7.002196502685546875e+01
7.003863525390625000e+01
7.008666992187500000e+01
7.013222503662109375e+01
7.014672851562500000e+01
7.014443969726562500e+01
7.013323211669921875e+01
7.012772369384765625e+01
7.014444732666015625e+01
7.016203308105468750e+01
7.018199157714843750e+01
7.018775177001953125e+01
7.017190551757812500e+01
7.018029022216796875e+01
7.021784973144531250e+01
7.023910522460937500e+01
7.025961303710937500e+01
7.027088165283203125e+01
7.025592803955078125e+01
7.025055694580078125e+01
7.025399017333984375e+01
7.024788665771484375e+01
7.022336578369140625e+01
7.019802856445312500e+01
7.019214630126953125e+01
7.020350646972656250e+01
7.020018005371093750e+01
7.017463684082031250e+01
7.015385437011718750e+01
7.016442871093750000e+01
7.020283508300781250e+01
7.023929595947265625e+01
7.025786590576171875e+01
7.026185607910156250e+01
7.025648498535156250e+01
7.025534820556640625e+01
7.025975036621093750e+01
7.027126312255859375e+01
7.028748321533203125e+01
7.029429626464843750e+01
7.029813385009765625e+01
7.032365417480468750e+01
7.034616088867187500e+01
7.035679626464843750e+01
7.037413787841796875e+01
7.039442443847656250e+01
7.041598510742187500e+01
7.043345642089843750e+01
7.044262695312500000e+01
7.045327758789062500e+01
7.047050476074218750e+01
7.048156738281250000e+01
7.048655700683593750e+01
7.048141479492187500e+01
7.047631835937500000e+01
7.046917724609375000e+01
7.048628234863281250e+01
7.052570343017578125e+01
7.054154968261718750e+01
7.054177856445312500e+01
7.054963684082031250e+01
7.056842041015625000e+01
7.059252929687500000e+01
7.061373901367187500e+01
7.062755584716796875e+01
7.065513610839843750e+01
7.070428466796875000e+01
7.077294921875000000e+01
7.085646820068359375e+01
7.094203186035156250e+01
7.101927947998046875e+01
7.107400512695312500e+01
7.110139465332031250e+01
7.113841247558593750e+01
7.121310424804687500e+01
7.131196594238281250e+01
7.136096191406250000e+01
7.138593292236328125e+01
7.142695617675781250e+01
7.145548248291015625e+01
7.148068237304687500e+01
7.150000000000000000e+01
7.150411987304687500e+01
7.151484680175781250e+01
7.155148315429687500e+01
7.159164428710937500e+01
7.164675140380859375e+01
7.171438598632812500e+01
7.174605560302734375e+01
7.178848266601562500e+01
7.185151672363281250e+01
7.194408416748046875e+01
7.204717254638671875e+01
7.213052368164062500e+01
7.219375610351562500e+01
7.227732849121093750e+01
7.239286041259765625e+01
7.251308441162109375e+01
7.260160827636718750e+01
7.260387420654296875e+01
7.252185058593750000e+01
7.236293792724609375e+01
7.222129821777343750e+01
7.214015197753906250e+01
7.212159729003906250e+01
7.232662963867187500e+01
7.268280792236328125e+01
7.314978027343750000e+01
7.344425201416015625e+01
7.339842987060546875e+01
7.299230194091796875e+01
7.263443756103515625e+01
7.242657470703125000e+01
7.244815826416015625e+01
7.269670104980468750e+01
7.304743957519531250e+01
7.334218597412109375e+01
7.335482788085937500e+01
7.306294250488281250e+01
7.279128265380859375e+01
7.255830383300781250e+01
7.255842590332031250e+01
7.288026428222656250e+01
7.333998107910156250e+01
7.361847686767578125e+01
7.346054840087890625e+01
7.305350494384765625e+01
7.273678588867187500e+01
7.250914764404296875e+01
7.245877838134765625e+01
7.267779541015625000e+01
7.294657897949218750e+01
7.304319000244140625e+01
7.288565826416015625e+01
7.266895294189453125e+01
7.253823852539062500e+01
7.253799438476562500e+01
7.284459686279296875e+01
7.328527832031250000e+01
7.338050842285156250e+01
7.310337829589843750e+01
7.273952484130859375e+01
7.244136047363281250e+01
7.226959228515625000e+01
7.238346862792968750e+01
7.290629577636718750e+01
7.329640197753906250e+01
7.302229309082031250e+01
7.253060913085937500e+01
7.222939300537109375e+01
7.207495117187500000e+01
7.220047760009765625e+01
7.264958190917968750e+01
7.319332885742187500e+01
7.325135803222656250e+01
7.270660400390625000e+01
7.226816558837890625e+01
7.208074188232421875e+01
7.213857269287109375e+01
7.253379058837890625e+01
7.308264923095703125e+01
7.329806518554687500e+01
7.266153717041015625e+01
7.201595306396484375e+01
7.191924285888671875e+01
7.196577453613281250e+01
7.244063568115234375e+01
7.308926391601562500e+01
7.334091186523437500e+01
7.279304504394531250e+01
7.212737274169921875e+01
7.200851440429687500e+01
7.209712219238281250e+01
7.253327941894531250e+01
7.306278991699218750e+01
7.332846069335937500e+01
7.301427459716796875e+01
7.235741424560546875e+01
7.214441680908203125e+01
7.219329071044921875e+01
7.244781494140625000e+01
7.291059875488281250e+01
7.321247863769531250e+01
7.305132293701171875e+01
7.238249206542968750e+01
7.218395233154296875e+01
7.230738067626953125e+01
7.266734313964843750e+01
7.310409545898437500e+01
7.320599365234375000e+01
7.299333190917968750e+01
7.252905273437500000e+01
7.226831054687500000e+01
7.236631011962890625e+01
7.270219421386718750e+01
7.300376892089843750e+01
7.303652191162109375e+01
7.283845520019531250e+01
7.250798797607421875e+01
7.235688781738281250e+01
7.253688812255859375e+01
7.284636688232421875e+01
7.296135711669921875e+01
7.282244873046875000e+01
7.248488616943359375e+01
7.228009796142578125e+01
7.224791717529296875e+01
7.247349548339843750e+01
7.292874145507812500e+01
7.308653259277343750e+01
7.277671813964843750e+01
7.222747802734375000e+01
7.218224334716796875e+01
7.227310180664062500e+01
7.257710266113281250e+01
7.302897644042968750e+01
7.322860717773437500e+01
7.289045715332031250e+01
7.228247070312500000e+01
7.213240814208984375e+01
7.225485229492187500e+01
7.245848083496093750e+01
7.296652984619140625e+01
7.334334564208984375e+01
