6.240721893310546875e+01
6.236589050292968750e+01
6.245507812500000000e+01
5.595875549316406250e+01
5.605087280273437500e+01
6.820013427734375000e+01
6.810769653320312500e+01
6.809014129638671875e+01
6.809143066406250000e+01
6.813557434082031250e+01
6.822722625732421875e+01
6.838369750976562500e+01
6.877779388427734375e+01
6.968671417236328125e+01
6.996411132812500000e+01
7.006354522705078125e+01
7.010533142089843750e+01
8.212789916992187500e+01
7.021716308593750000e+01
5.433172988891601562e+01
7.028852844238281250e+01
7.033110046386718750e+01
7.023416137695312500e+01
7.022434997558593750e+01
8.223769378662109375e+01
8.223031616210937500e+01
7.022962188720703125e+01
7.019335174560546875e+01
8.212898254394531250e+01
8.207472229003906250e+01
8.199432373046875000e+01
8.193518829345703125e+01
8.187758636474609375e+01
6.984455871582031250e+01
6.986658477783203125e+01
7.019116973876953125e+01
7.015009307861328125e+01
6.994839477539062500e+01
6.998397827148437500e+01
6.977402496337890625e+01
6.932036590576171875e+01
6.910629272460937500e+01
6.906878662109375000e+01
6.913739776611328125e+01
6.912803649902343750e+01
6.912980651855468750e+01
6.910065460205078125e+01
6.910547637939453125e+01
6.912434387207031250e+01
6.914128875732421875e+01
6.914508056640625000e+01
6.916614532470703125e+01
6.915652465820312500e+01
6.915350341796875000e+01
6.921700286865234375e+01
6.933361816406250000e+01
6.984524536132812500e+01
7.007874298095703125e+01
7.008068084716796875e+01
6.985385131835937500e+01
6.257534027099609375e+01
8.237097930908203125e+01
7.174508666992187500e+01
7.168342590332031250e+01
8.174062347412109375e+01
6.270124816894531250e+01
6.977712249755859375e+01
6.971755218505859375e+01
6.964845275878906250e+01
6.959838104248046875e+01
6.960609436035156250e+01
6.963484954833984375e+01
6.963604736328125000e+01
6.961255645751953125e+01
8.158466339111328125e+01
6.953510284423828125e+01
6.948081970214843750e+01
6.945217895507812500e+01
6.925309753417968750e+01
6.884066772460937500e+01
6.872457122802734375e+01
6.873487854003906250e+01
6.872526550292968750e+01
6.869130706787109375e+01
6.864743804931640625e+01
6.863256835937500000e+01
6.863607025146484375e+01
6.864695739746093750e+01
6.866363525390625000e+01
6.864161682128906250e+01
6.860025024414062500e+01
6.855932617187500000e+01
6.851033020019531250e+01
6.845227813720703125e+01
6.842661285400390625e+01
6.842932891845703125e+01
6.840063476562500000e+01
6.818807983398437500e+01
6.740796661376953125e+01
5.869588851928710938e+01
5.889192962646484375e+01
7.423225402832031250e+01
7.419157409667968750e+01
6.913060760498046875e+01
6.929122161865234375e+01
6.931678771972656250e+01
6.914727783203125000e+01
6.800248718261718750e+01
6.756465148925781250e+01
6.753979492187500000e+01
6.744738769531250000e+01
6.734136962890625000e+01
6.722315979003906250e+01
6.715374755859375000e+01
6.717832183837890625e+01
6.725259399414062500e+01
6.739485168457031250e+01
6.752641296386718750e+01
6.754904174804687500e+01
6.741710662841796875e+01
6.713124084472656250e+01
6.696129608154296875e+01
6.691943359375000000e+01
6.700662231445312500e+01
6.716016387939453125e+01
6.731843566894531250e+01
6.738704681396484375e+01
6.715413665771484375e+01
6.695727539062500000e+01
6.686399841308593750e+01
6.687667846679687500e+01
6.699397277832031250e+01
6.722841644287109375e+01
6.736354827880859375e+01
6.734570312500000000e+01
6.719142913818359375e+01
6.697177124023437500e+01
6.684520721435546875e+01
6.683824157714843750e+01
6.698381042480468750e+01
6.720823669433593750e+01
6.732832336425781250e+01
6.735147857666015625e+01
6.751012420654296875e+01
6.666215515136718750e+01
6.691552734375000000e+01
6.689791870117187500e+01
6.701564788818359375e+01
6.717845153808593750e+01
6.725347900390625000e+01
6.693021392822265625e+01
6.690589904785156250e+01
6.690679931640625000e+01
6.671647644042968750e+01
6.665356445312500000e+01
6.675019836425781250e+01
6.694289398193359375e+01
6.705346679687500000e+01
6.706565856933593750e+01
6.702732849121093750e+01
6.699332427978515625e+01
6.697027587890625000e+01
6.698950195312500000e+01
6.707915496826171875e+01
6.711270141601562500e+01
6.708560943603515625e+01
6.705406188964843750e+01
6.699459838867187500e+01
6.697283935546875000e+01
6.696475219726562500e+01
6.696982574462890625e+01
6.697467803955078125e+01
6.699340820312500000e+01
6.698306274414062500e+01
6.691237640380859375e+01
6.685902404785156250e+01
6.683991241455078125e+01
6.683905029296875000e+01
6.693102264404296875e+01
6.698600769042968750e+01
6.691426086425781250e+01
6.688544464111328125e+01
6.683181762695312500e+01
6.703256988525390625e+01
6.702712249755859375e+01
6.680258941650390625e+01
6.708332824707031250e+01
5.492433166503906250e+01
7.450182342529296875e+01
7.459024810791015625e+01
7.469720458984375000e+01
7.487834930419921875e+01
7.504354858398437500e+01
7.510906219482421875e+01
7.513725280761718750e+01
7.510586547851562500e+01
7.501068115234375000e+01
7.495529174804687500e+01
7.486533355712890625e+01
7.483546447753906250e+01
7.488786315917968750e+01
7.493821716308593750e+01
7.495137023925781250e+01
7.491902160644531250e+01
7.489308166503906250e+01
7.487462615966796875e+01
7.483097839355468750e+01
7.476203155517578125e+01
7.467800140380859375e+01
7.460597229003906250e+01
7.456211853027343750e+01
7.452966308593750000e+01
7.451097106933593750e+01
7.446896362304687500e+01
7.433460998535156250e+01
7.412957763671875000e+01
7.399673461914062500e+01
7.395083618164062500e+01
7.394429016113281250e+01
7.391963195800781250e+01
7.386949157714843750e+01
7.377825927734375000e+01
7.364058685302734375e+01
7.349758911132812500e+01
7.338726806640625000e+01
7.331102752685546875e+01
7.327508544921875000e+01
7.328721618652343750e+01
7.340550994873046875e+01
7.394104003906250000e+01
7.403938293457031250e+01
7.434713745117187500e+01
7.496900177001953125e+01
6.316481018066406250e+01
6.321705627441406250e+01
5.133137512207031250e+01
7.008411407470703125e+01
8.192782592773437500e+01
8.340722656250000000e+01
7.311267852783203125e+01
7.323382568359375000e+01
7.293095397949218750e+01
7.123754882812500000e+01
7.054270172119140625e+01
7.024016571044921875e+01
7.006318664550781250e+01
8.169617462158203125e+01
8.126678466796875000e+01
8.121787261962890625e+01
8.120653533935546875e+01
8.127091979980468750e+01
8.138312530517578125e+01
6.945572662353515625e+01
