4.447664642333984375e+01
4.455607604980468750e+01
4.459392929077148438e+01
4.464052200317382812e+01
4.463411712646484375e+01
6.370869445800781250e+01
6.377043151855468750e+01
6.377188873291015625e+01
6.372171783447265625e+01
6.367276000976562500e+01
7.563909912109375000e+01
7.562589263916015625e+01
7.567565917968750000e+01
7.576200103759765625e+01
7.581750488281250000e+01
7.578669738769531250e+01
7.569960784912109375e+01
7.563336944580078125e+01
7.562486267089843750e+01
7.567530822753906250e+01
7.576489257812500000e+01
7.583737945556640625e+01
7.583767700195312500e+01
7.578546142578125000e+01
7.573114013671875000e+01
7.571231842041015625e+01
7.572293090820312500e+01
7.576791381835937500e+01
7.582175445556640625e+01
7.584472656250000000e+01
7.581713104248046875e+01
7.577162933349609375e+01
7.574845886230468750e+01
7.575260925292968750e+01
7.577918243408203125e+01
7.582244110107421875e+01
7.585999298095703125e+01
7.586012268066406250e+01
7.582235717773437500e+01
7.577116394042968750e+01
7.571211242675781250e+01
7.570848846435546875e+01
7.573611450195312500e+01
7.578133392333984375e+01
7.582163238525390625e+01
7.584037780761718750e+01
7.583320617675781250e+01
7.583327484130859375e+01
7.584576416015625000e+01
7.587040710449218750e+01
7.590042877197265625e+01
7.593029785156250000e+01
7.596932983398437500e+01
7.596149444580078125e+01
7.592900848388671875e+01
7.592929077148437500e+01
7.595435333251953125e+01
7.599205017089843750e+01
7.604431152343750000e+01
7.607092285156250000e+01
7.607058715820312500e+01
7.609510040283203125e+01
7.611770629882812500e+01
7.612887573242187500e+01
7.613133239746093750e+01
7.614150238037109375e+01
7.617625427246093750e+01
7.620851135253906250e+01
7.623523712158203125e+01
7.622131347656250000e+01
7.619174957275390625e+01
7.619857788085937500e+01
7.622399139404296875e+01
7.625787353515625000e+01
7.627801513671875000e+01
7.628058624267578125e+01
7.629324340820312500e+01
7.630274963378906250e+01
7.631230926513671875e+01
7.632452392578125000e+01
7.633092498779296875e+01
7.633229064941406250e+01
7.635311126708984375e+01
7.637767028808593750e+01
7.639424896240234375e+01
7.640908813476562500e+01
7.641591644287109375e+01
7.642007446289062500e+01
7.642490386962890625e+01
7.643562316894531250e+01
7.644190216064453125e+01
7.644797515869140625e+01
7.646445465087890625e+01
7.648954772949218750e+01
7.649475097656250000e+01
7.648914337158203125e+01
7.648893737792968750e+01
7.649072265625000000e+01
7.650450134277343750e+01
7.652102661132812500e+01
7.651824951171875000e+01
7.651129150390625000e+01
7.651691436767578125e+01
7.652748107910156250e+01
7.655222320556640625e+01
7.657261657714843750e+01
7.658534240722656250e+01
7.659181213378906250e+01
7.659800720214843750e+01
7.660233306884765625e+01
7.660580444335937500e+01
7.660751342773437500e+01
7.662594604492187500e+01
7.662713623046875000e+01
7.663516235351562500e+01
7.664418029785156250e+01
7.664608764648437500e+01
7.664967346191406250e+01
7.667120361328125000e+01
7.667541503906250000e+01
7.664782714843750000e+01
7.664106750488281250e+01
7.665567779541015625e+01
7.666680145263671875e+01
7.667253875732421875e+01
7.667507934570312500e+01
7.667049407958984375e+01
7.665074157714843750e+01
7.660774230957031250e+01
7.660256958007812500e+01
7.660919952392578125e+01
7.663026428222656250e+01
7.665007019042968750e+01
7.665391540527343750e+01
7.664092254638671875e+01
7.661816406250000000e+01
7.660121154785156250e+01
7.660342407226562500e+01
7.664717864990234375e+01
7.668975830078125000e+01
7.669272613525390625e+01
7.668701171875000000e+01
7.666871643066406250e+01
7.666513824462890625e+01
7.666137695312500000e+01
7.665258789062500000e+01
7.664466857910156250e+01
7.663344573974609375e+01
7.662669372558593750e+01
7.663858795166015625e+01
7.665505218505859375e+01
7.665849304199218750e+01
7.665206146240234375e+01
7.665016174316406250e+01
7.663478088378906250e+01
7.661296081542968750e+01
7.660513305664062500e+01
7.661000061035156250e+01
7.661657714843750000e+01
7.661186218261718750e+01
6.460317993164062500e+01
6.461746215820312500e+01
6.462258911132812500e+01
6.462046813964843750e+01
6.463363647460937500e+01
6.464696502685546875e+01
6.467050170898437500e+01
6.469253540039062500e+01
6.471026611328125000e+01
6.472665405273437500e+01
6.476068115234375000e+01
6.478537750244140625e+01
6.478324890136718750e+01
6.479116058349609375e+01
6.480027770996093750e+01
6.480352020263671875e+01
7.679357147216796875e+01
7.677919006347656250e+01
7.675862121582031250e+01
7.676218414306640625e+01
7.678134918212890625e+01
7.679080200195312500e+01
7.679931640625000000e+01
7.679576873779296875e+01
7.678919982910156250e+01
7.678230285644531250e+01
7.678147888183593750e+01
7.677920532226562500e+01
7.678182220458984375e+01
7.678400421142578125e+01
7.678000640869140625e+01
7.678816223144531250e+01
7.680928039550781250e+01
7.684308624267578125e+01
7.691024780273437500e+01
7.704365539550781250e+01
7.713503265380859375e+01
7.721247100830078125e+01
7.736784362792968750e+01
7.750036621093750000e+01
7.749112701416015625e+01
7.745393371582031250e+01
7.737275695800781250e+01
7.729525756835937500e+01
7.730650329589843750e+01
