6.078160095214843750e+01
6.658100891113281250e+01
6.650628662109375000e+01
6.649758911132812500e+01
6.267810058593750000e+01
6.269728088378906250e+01
6.644468688964843750e+01
6.626681518554687500e+01
6.633358764648437500e+01
6.638783264160156250e+01
6.642837524414062500e+01
7.847656250000000000e+01
7.848648071289062500e+01
7.843186187744140625e+01
7.834432983398437500e+01
7.826705169677734375e+01
7.820974731445312500e+01
7.820432281494140625e+01
7.826010131835937500e+01
7.833606719970703125e+01
7.838930511474609375e+01
7.839942932128906250e+01
7.839203643798828125e+01
7.838288116455078125e+01
7.838796997070312500e+01
7.838211059570312500e+01
7.836888885498046875e+01
7.838043212890625000e+01
7.839077758789062500e+01
7.837465667724609375e+01
7.834330749511718750e+01
7.833193206787109375e+01
7.835121154785156250e+01
7.838792419433593750e+01
7.842930603027343750e+01
7.845934295654296875e+01
7.849079895019531250e+01
7.854014587402343750e+01
7.859363555908203125e+01
7.864447021484375000e+01
7.874391174316406250e+01
7.890512084960937500e+01
7.900696563720703125e+01
7.904373931884765625e+01
7.905902862548828125e+01
7.912955474853515625e+01
7.931700897216796875e+01
7.954413604736328125e+01
7.974091339111328125e+01
8.080180358886718750e+01
6.925843811035156250e+01
6.932959747314453125e+01
8.115400695800781250e+01
7.989203643798828125e+01
7.887567901611328125e+01
6.620932006835937500e+01
6.590997314453125000e+01
6.585866546630859375e+01
6.603102111816406250e+01
6.620436859130859375e+01
6.622731018066406250e+01
6.621872711181640625e+01
6.619893646240234375e+01
7.819080352783203125e+01
7.820597076416015625e+01
7.823110198974609375e+01
7.828224945068359375e+01
7.830850982666015625e+01
7.832725524902343750e+01
7.834091949462890625e+01
7.837558746337890625e+01
7.841493225097656250e+01
7.845740509033203125e+01
7.847090911865234375e+01
7.850141906738281250e+01
7.857695007324218750e+01
7.863159179687500000e+01
7.866741943359375000e+01
7.870323944091796875e+01
7.872953033447265625e+01
7.881817626953125000e+01
7.904102325439453125e+01
7.928889465332031250e+01
7.953674316406250000e+01
7.963654327392578125e+01
7.968240356445312500e+01
7.983792114257812500e+01
8.049135589599609375e+01
6.869392395019531250e+01
8.051605987548828125e+01
8.035903167724609375e+01
6.588471984863281250e+01
6.583976745605468750e+01
6.596240234375000000e+01
6.611518859863281250e+01
6.618614959716796875e+01
7.819776153564453125e+01
7.820046234130859375e+01
7.823235321044921875e+01
7.824807739257812500e+01
7.826799011230468750e+01
7.830169677734375000e+01
7.834926605224609375e+01
7.841645812988281250e+01
7.844414520263671875e+01
7.846697998046875000e+01
7.849543762207031250e+01
7.857403564453125000e+01
7.875032043457031250e+01
7.911572265625000000e+01
7.952259826660156250e+01
8.001680755615234375e+01
8.037530517578125000e+01
8.070738220214843750e+01
8.093771362304687500e+01
6.902464294433593750e+01
6.903654479980468750e+01
8.072984313964843750e+01
7.930158996582031250e+01
7.830340576171875000e+01
7.772990417480468750e+01
6.567185974121093750e+01
6.587294006347656250e+01
6.637229919433593750e+01
7.870313262939453125e+01
7.891949462890625000e+01
7.913780212402343750e+01
7.932967376708984375e+01
7.947573852539062500e+01
7.957825469970703125e+01
7.965022277832031250e+01
7.970760345458984375e+01
7.976194000244140625e+01
7.983434295654296875e+01
7.994300842285156250e+01
8.005859375000000000e+01
8.018226623535156250e+01
8.026947784423828125e+01
8.038343811035156250e+01
8.064191436767578125e+01
8.076087188720703125e+01
8.039093780517578125e+01
7.901191711425781250e+01
7.830507659912109375e+01
7.745822143554687500e+01
7.753799438476562500e+01
7.803175354003906250e+01
7.831401062011718750e+01
7.865919494628906250e+01
7.894383239746093750e+01
7.921189117431640625e+01
7.940579986572265625e+01
7.965265655517578125e+01
7.988325500488281250e+01
8.005857849121093750e+01
8.017542266845703125e+01
8.026303100585937500e+01
8.036152648925781250e+01
8.049920654296875000e+01
8.074422454833984375e+01
8.085189819335937500e+01
8.061141204833984375e+01
7.995994567871093750e+01
7.964195251464843750e+01
7.949354553222656250e+01
7.923619079589843750e+01
7.896480560302734375e+01
7.902107238769531250e+01
7.916226196289062500e+01
7.933509826660156250e+01
7.952839660644531250e+01
7.974816131591796875e+01
7.996233367919921875e+01
8.013531494140625000e+01
8.027062225341796875e+01
8.036867523193359375e+01
8.042172241210937500e+01
8.044866180419921875e+01
8.046572875976562500e+01
8.048778533935546875e+01
8.052461242675781250e+01
8.061415100097656250e+01
8.075275421142578125e+01
8.078109741210937500e+01
8.030480957031250000e+01
7.905796813964843750e+01
7.885044860839843750e+01
7.889581298828125000e+01
7.910716247558593750e+01
7.940155029296875000e+01
7.967201232910156250e+01
7.986685943603515625e+01
8.008087158203125000e+01
8.024069213867187500e+01
8.035987091064453125e+01
8.045601654052734375e+01
8.053276062011718750e+01
8.057956695556640625e+01
8.061598968505859375e+01
8.066320800781250000e+01
8.073783111572265625e+01
8.084007263183593750e+01
8.095470428466796875e+01
8.107092285156250000e+01
8.162409973144531250e+01
8.257235717773437500e+01
8.299606323242187500e+01
6.950044250488281250e+01
6.929197692871093750e+01
6.902785491943359375e+01
4.992781066894531250e+01
