6.242050170898437500e+01
6.250576782226562500e+01
5.038694000244140625e+01
6.648080444335937500e+01
5.425658416748046875e+01
5.018324661254882812e+01
6.209916687011718750e+01
6.205047607421875000e+01
6.206797027587890625e+01
6.209219360351562500e+01
6.210285186767578125e+01
6.214852905273437500e+01
6.219047546386718750e+01
6.220963287353515625e+01
6.224964904785156250e+01
6.229636383056640625e+01
6.227907562255859375e+01
7.425101470947265625e+01
6.225328826904296875e+01
6.223281860351562500e+01
6.218840026855468750e+01
6.215956115722656250e+01
6.215290069580078125e+01
6.217802429199218750e+01
6.219470977783203125e+01
6.220166015625000000e+01
7.420648193359375000e+01
7.418949127197265625e+01
7.417231750488281250e+01
7.416146850585937500e+01
7.416024017333984375e+01
7.416485595703125000e+01
7.416072082519531250e+01
7.415103912353515625e+01
7.414703369140625000e+01
7.414198303222656250e+01
7.412805175781250000e+01
7.411611938476562500e+01
7.411410522460937500e+01
7.412522888183593750e+01
7.413645935058593750e+01
7.414385223388671875e+01
7.414087677001953125e+01
7.413760375976562500e+01
7.413714599609375000e+01
7.414330291748046875e+01
7.414414978027343750e+01
7.413534545898437500e+01
7.412770080566406250e+01
7.412702941894531250e+01
7.412605285644531250e+01
7.412253570556640625e+01
7.411570739746093750e+01
7.411078643798828125e+01
7.410856628417968750e+01
7.411109924316406250e+01
7.411794281005859375e+01
7.412364196777343750e+01
7.411741638183593750e+01
7.410762786865234375e+01
7.411041259765625000e+01
7.411453247070312500e+01
7.411048889160156250e+01
7.409476470947265625e+01
7.407781219482421875e+01
7.407164001464843750e+01
7.407427978515625000e+01
7.408412170410156250e+01
7.409394073486328125e+01
7.409372711181640625e+01
7.408094024658203125e+01
7.406221008300781250e+01
7.404847717285156250e+01
7.404319000244140625e+01
7.404125976562500000e+01
7.403298950195312500e+01
7.403749847412109375e+01
7.406050109863281250e+01
7.408519744873046875e+01
7.409507751464843750e+01
7.408995056152343750e+01
7.407535552978515625e+01
7.405813598632812500e+01
7.405070495605468750e+01
7.406506347656250000e+01
7.408306884765625000e+01
7.408934020996093750e+01
7.408674621582031250e+01
7.407307434082031250e+01
7.405680847167968750e+01
7.404960632324218750e+01
7.405287933349609375e+01
7.406021118164062500e+01
7.406092071533203125e+01
7.405271148681640625e+01
7.404682159423828125e+01
7.403300476074218750e+01
7.401462554931640625e+01
7.400023651123046875e+01
7.400010681152343750e+01
7.402399444580078125e+01
7.403923034667968750e+01
7.403610229492187500e+01
7.402666473388671875e+01
7.401926422119140625e+01
7.400996398925781250e+01
7.399805450439453125e+01
7.399235534667968750e+01
7.398341369628906250e+01
7.398029327392578125e+01
7.398204040527343750e+01
7.398564147949218750e+01
7.399217224121093750e+01
7.399871826171875000e+01
7.400199890136718750e+01
7.400935363769531250e+01
7.401289367675781250e+01
7.401644134521484375e+01
7.401780700683593750e+01
7.400588989257812500e+01
7.398256683349609375e+01
7.395828247070312500e+01
7.394418334960937500e+01
7.395061492919921875e+01
7.396233367919921875e+01
7.396518707275390625e+01
7.396063232421875000e+01
7.395089721679687500e+01
7.394551086425781250e+01
7.394583129882812500e+01
7.394596862792968750e+01
7.394210052490234375e+01
7.393881225585937500e+01
7.394796752929687500e+01
7.395476531982421875e+01
7.395384979248046875e+01
7.394075012207031250e+01
7.392626953125000000e+01
7.391774749755859375e+01
7.391040039062500000e+01
7.391371154785156250e+01
7.391925048828125000e+01
7.392535400390625000e+01
7.392234802246093750e+01
7.390586853027343750e+01
7.388979339599609375e+01
7.388975524902343750e+01
7.389636993408203125e+01
7.390782928466796875e+01
7.392098999023437500e+01
7.392795562744140625e+01
7.392331695556640625e+01
7.391869354248046875e+01
7.391607666015625000e+01
6.190518951416015625e+01
6.189965820312500000e+01
6.190714263916015625e+01
6.192250061035156250e+01
6.193502807617187500e+01
6.193955993652343750e+01
6.193516540527343750e+01
6.193133544921875000e+01
6.192282867431640625e+01
6.191092681884765625e+01
6.191304779052734375e+01
6.192543029785156250e+01
6.193180847167968750e+01
6.192294311523437500e+01
6.190569305419921875e+01
6.189677429199218750e+01
6.189846038818359375e+01
6.190641784667968750e+01
6.191961669921875000e+01
6.193365478515625000e+01
6.194254302978515625e+01
6.195123291015625000e+01
6.195361328125000000e+01
6.193609619140625000e+01
6.190779876708984375e+01
6.188862609863281250e+01
6.187493896484375000e+01
6.187020874023437500e+01
6.187863159179687500e+01
6.190123748779296875e+01
6.192810058593750000e+01
6.194331359863281250e+01
6.194890594482421875e+01
6.195977020263671875e+01
6.196256256103515625e+01
6.195669555664062500e+01
6.194627380371093750e+01
6.193257141113281250e+01
6.193484497070312500e+01
6.195136260986328125e+01
6.196471405029296875e+01
