6.666992187500000000e+01
6.670752716064453125e+01
6.668940734863281250e+01
6.665723419189453125e+01
6.667823791503906250e+01
6.676951599121093750e+01
6.686650085449218750e+01
6.694167327880859375e+01
6.700849914550781250e+01
6.705646514892578125e+01
6.710263824462890625e+01
6.714485168457031250e+01
6.718568420410156250e+01
6.721158599853515625e+01
6.721779632568359375e+01
6.722601318359375000e+01
6.723493194580078125e+01
6.724293518066406250e+01
6.724004364013671875e+01
6.723680114746093750e+01
6.722986602783203125e+01
6.723324584960937500e+01
6.722917175292968750e+01
6.721935272216796875e+01
6.724625396728515625e+01
6.728646087646484375e+01
6.723293304443359375e+01
6.717797851562500000e+01
6.716916656494140625e+01
6.712834167480468750e+01
6.711160278320312500e+01
6.713079833984375000e+01
6.716804504394531250e+01
6.719834899902343750e+01
6.722458648681640625e+01
6.720887756347656250e+01
6.717183685302734375e+01
6.716890716552734375e+01
6.720172882080078125e+01
6.723789978027343750e+01
6.724178314208984375e+01
6.723214721679687500e+01
6.724414062500000000e+01
6.724540710449218750e+01
6.723162078857421875e+01
6.720674133300781250e+01
6.718672180175781250e+01
6.719130706787109375e+01
6.720929718017578125e+01
6.722589874267578125e+01
6.724166870117187500e+01
6.724757385253906250e+01
6.724114990234375000e+01
6.722174835205078125e+01
6.720142364501953125e+01
6.720756530761718750e+01
6.723332214355468750e+01
6.724935150146484375e+01
6.729379272460937500e+01
6.734647369384765625e+01
6.730038452148437500e+01
6.720722961425781250e+01
6.716339874267578125e+01
6.716053009033203125e+01
6.720321655273437500e+01
6.721670532226562500e+01
6.721240997314453125e+01
6.721054077148437500e+01
6.719527435302734375e+01
6.717758941650390625e+01
6.718511199951171875e+01
6.721041870117187500e+01
6.727618408203125000e+01
6.736087799072265625e+01
6.733810424804687500e+01
6.731356811523437500e+01
6.728190612792968750e+01
6.729874420166015625e+01
6.734925842285156250e+01
6.740423583984375000e+01
6.732356262207031250e+01
6.722866821289062500e+01
6.729942321777343750e+01
6.742751312255859375e+01
6.749360656738281250e+01
6.752733612060546875e+01
6.751962280273437500e+01
6.754177856445312500e+01
6.751776885986328125e+01
6.751765441894531250e+01
6.757707214355468750e+01
6.763982391357421875e+01
6.763217926025390625e+01
6.759834289550781250e+01
6.755096435546875000e+01
6.753585815429687500e+01
6.763287353515625000e+01
6.765483856201171875e+01
6.764885711669921875e+01
6.763758850097656250e+01
6.755014038085937500e+01
6.758903503417968750e+01
6.759830474853515625e+01
6.747602844238281250e+01
6.746464538574218750e+01
6.757318115234375000e+01
6.751536560058593750e+01
6.736765289306640625e+01
6.745729064941406250e+01
6.753432464599609375e+01
6.757275390625000000e+01
6.739340972900390625e+01
6.721110534667968750e+01
6.717720031738281250e+01
6.716548919677734375e+01
6.715705108642578125e+01
6.714861297607421875e+01
6.714704895019531250e+01
