6.275547027587890625e+01
7.462763977050781250e+01
7.483588409423828125e+01
7.489329528808593750e+01
7.493714141845703125e+01
7.475105285644531250e+01
7.464324188232421875e+01
7.472074890136718750e+01
7.465861511230468750e+01
7.477412414550781250e+01
7.493772125244140625e+01
7.525865173339843750e+01
7.528221893310546875e+01
7.536715698242187500e+01
6.291369628906250000e+01
7.501440429687500000e+01
7.484351348876953125e+01
7.489628601074218750e+01
7.494972991943359375e+01
7.511047363281250000e+01
7.528553771972656250e+01
7.541920471191406250e+01
7.547816467285156250e+01
7.515759277343750000e+01
7.514846801757812500e+01
7.526841735839843750e+01
7.504418945312500000e+01
7.499542236328125000e+01
7.496510314941406250e+01
7.501811981201171875e+01
7.504048156738281250e+01
7.502708435058593750e+01
7.490850830078125000e+01
7.484182739257812500e+01
7.479580688476562500e+01
7.475807189941406250e+01
7.473530578613281250e+01
7.472111511230468750e+01
7.472245788574218750e+01
7.469756317138671875e+01
7.465704345703125000e+01
7.461288452148437500e+01
7.458448791503906250e+01
7.454333496093750000e+01
7.453141784667968750e+01
7.451187133789062500e+01
7.448307800292968750e+01
7.447120666503906250e+01
7.447895812988281250e+01
7.446520233154296875e+01
7.445477294921875000e+01
7.441776275634765625e+01
7.438410186767578125e+01
7.437274932861328125e+01
7.436179351806640625e+01
7.433731079101562500e+01
7.432281494140625000e+01
7.433087921142578125e+01
7.427400970458984375e+01
7.422849273681640625e+01
7.418045043945312500e+01
7.414245605468750000e+01
7.411331939697265625e+01
7.409236145019531250e+01
7.404782104492187500e+01
7.401030731201171875e+01
7.397769927978515625e+01
7.396125793457031250e+01
7.398162841796875000e+01
7.392091369628906250e+01
7.387854003906250000e+01
7.384370422363281250e+01
7.381121063232421875e+01
7.383341979980468750e+01
7.377848815917968750e+01
7.368792724609375000e+01
7.422090911865234375e+01
7.445684814453125000e+01
7.437500000000000000e+01
7.436122131347656250e+01
7.435863494873046875e+01
7.435528564453125000e+01
7.436901855468750000e+01
7.437475585937500000e+01
7.442770385742187500e+01
7.445066833496093750e+01
7.448251342773437500e+01
7.457243347167968750e+01
7.473860168457031250e+01
7.479109954833984375e+01
7.479328918457031250e+01
7.491308593750000000e+01
7.491696929931640625e+01
7.489234161376953125e+01
7.493660736083984375e+01
7.510870361328125000e+01
7.521428680419921875e+01
7.510863494873046875e+01
7.492579650878906250e+01
7.479878234863281250e+01
7.480625915527343750e+01
7.476631164550781250e+01
7.483702850341796875e+01
7.476487731933593750e+01
7.477028656005859375e+01
7.480534362792968750e+01
7.472724914550781250e+01
7.459759521484375000e+01
7.456575775146484375e+01
7.434822082519531250e+01
7.428070068359375000e+01
7.424223327636718750e+01
7.426439666748046875e+01
7.405474853515625000e+01
7.385484313964843750e+01
7.361524200439453125e+01
7.363259887695312500e+01
7.376293182373046875e+01
7.387895965576171875e+01
7.386334991455078125e+01
7.365084075927734375e+01
7.344798278808593750e+01
7.339959716796875000e+01
7.346086120605468750e+01
7.351797485351562500e+01
7.349218750000000000e+01
7.342473602294921875e+01
7.328002166748046875e+01
7.315756225585937500e+01
7.314315032958984375e+01
7.314053344726562500e+01
7.320324707031250000e+01
7.323395538330078125e+01
7.350399017333984375e+01
7.376998138427734375e+01
7.314497375488281250e+01
7.345640563964843750e+01
7.433975219726562500e+01
7.446542358398437500e+01
7.452379608154296875e+01
7.442872619628906250e+01
7.439289855957031250e+01
7.444835662841796875e+01
7.455142211914062500e+01
7.464867401123046875e+01
7.477873229980468750e+01
7.484077453613281250e+01
7.486184692382812500e+01
7.496208190917968750e+01
7.508345794677734375e+01
7.517281341552734375e+01
7.522532653808593750e+01
7.526419067382812500e+01
7.519863128662109375e+01
7.500627136230468750e+01
7.494068908691406250e+01
7.496945953369140625e+01
7.502328491210937500e+01
7.494497680664062500e+01
7.474641418457031250e+01
7.456846618652343750e+01
7.454857635498046875e+01
7.444731903076171875e+01
7.452796936035156250e+01
7.447164916992187500e+01
7.439887237548828125e+01
7.430348968505859375e+01
7.410625457763671875e+01
7.377293395996093750e+01
7.366708374023437500e+01
7.368233489990234375e+01
7.378986358642578125e+01
7.384931182861328125e+01
7.380378723144531250e+01
7.358160400390625000e+01
7.323564147949218750e+01
7.315450286865234375e+01
7.321537780761718750e+01
7.347120666503906250e+01
7.365222167968750000e+01
7.356011962890625000e+01
7.322601318359375000e+01
7.344999694824218750e+01
7.294194030761718750e+01
7.283966827392578125e+01
7.311111450195312500e+01
7.319433593750000000e+01
7.317446899414062500e+01
7.357363891601562500e+01
7.389678192138671875e+01
7.407920837402343750e+01
7.413005065917968750e+01
7.420240020751953125e+01
7.424201965332031250e+01
6.227433776855468750e+01
6.218842315673828125e+01
6.211916351318359375e+01
6.214836883544921875e+01
6.224314117431640625e+01
7.473362731933593750e+01
7.491853332519531250e+01
7.500737762451171875e+01
7.498624420166015625e+01
7.493465423583984375e+01
7.487614440917968750e+01
7.492243194580078125e+01
7.503897857666015625e+01
7.512779235839843750e+01
7.516496276855468750e+01
7.512593841552734375e+01
7.497576904296875000e+01
7.477709960937500000e+01
7.449736022949218750e+01
7.432160949707031250e+01
7.433058166503906250e+01
7.436121368408203125e+01
7.435728454589843750e+01
7.430274963378906250e+01
7.418704986572265625e+01
7.401664733886718750e+01
7.392176818847656250e+01
7.389430236816406250e+01
7.383900451660156250e+01
7.375711059570312500e+01
7.370721435546875000e+01
7.366127014160156250e+01
7.362558746337890625e+01
7.359007263183593750e+01
7.363495635986328125e+01
7.368118286132812500e+01
7.368559265136718750e+01
7.357085418701171875e+01
7.353955078125000000e+01
7.354914093017578125e+01
7.351103973388671875e+01
7.351066589355468750e+01
7.346189117431640625e+01
7.333314514160156250e+01
7.323546600341796875e+01
7.374295806884765625e+01
7.393532562255859375e+01
7.391921234130859375e+01
7.391360473632812500e+01
7.391133117675781250e+01
7.388797760009765625e+01
7.385162353515625000e+01
7.387821197509765625e+01
7.391085052490234375e+01
7.394509887695312500e+01
7.397491455078125000e+01
7.401101684570312500e+01
6.205834197998046875e+01
6.210787963867187500e+01
6.216000366210937500e+01
6.231874084472656250e+01
7.482985687255859375e+01
7.494865417480468750e+01
7.499906921386718750e+01
7.500248718261718750e+01
7.500279235839843750e+01
7.497487640380859375e+01
7.482836914062500000e+01
7.450733947753906250e+01
7.407115173339843750e+01
7.435722351074218750e+01
7.462277221679687500e+01
7.458699798583984375e+01
7.444414520263671875e+01
7.431172180175781250e+01
7.415675354003906250e+01
7.391315460205078125e+01
7.371658325195312500e+01
7.369986724853515625e+01
7.377018737792968750e+01
7.385480499267578125e+01
7.384481811523437500e+01
7.374699401855468750e+01
7.363099670410156250e+01
7.354374694824218750e+01
7.356024932861328125e+01
7.361988830566406250e+01
7.367963409423828125e+01
7.367309570312500000e+01
7.361095428466796875e+01
7.354412078857421875e+01
7.346087646484375000e+01
7.342233276367187500e+01
7.346116638183593750e+01
7.355008697509765625e+01
7.358939361572265625e+01
7.353370666503906250e+01
7.342544555664062500e+01
7.329934692382812500e+01
7.322260284423828125e+01
7.328126525878906250e+01
7.334377288818359375e+01
7.337532043457031250e+01
7.336497497558593750e+01
7.331930541992187500e+01
7.323285675048828125e+01
7.318157958984375000e+01
7.317745208740234375e+01
7.321367645263671875e+01
7.325436401367187500e+01
7.326025390625000000e+01
7.319633483886718750e+01
7.314076995849609375e+01
7.310212707519531250e+01
7.308235168457031250e+01
7.309723663330078125e+01
7.310894775390625000e+01
7.313770294189453125e+01
7.310515594482421875e+01
7.303817749023437500e+01
7.297409820556640625e+01
7.292112731933593750e+01
7.290192413330078125e+01
7.288438415527343750e+01
7.289205932617187500e+01
7.290908813476562500e+01
7.286820220947265625e+01
7.274355316162109375e+01
7.265866088867187500e+01
7.270726013183593750e+01
7.260221862792968750e+01
7.259733581542968750e+01
7.268508911132812500e+01
7.262348937988281250e+01
7.254115295410156250e+01
7.262735748291015625e+01
7.266496276855468750e+01
7.276003265380859375e+01
7.282999420166015625e+01
7.285014343261718750e+01
7.270077514648437500e+01
7.249342346191406250e+01
7.242532348632812500e+01
7.232682800292968750e+01
7.418107604980468750e+01
7.253131103515625000e+01
7.251495361328125000e+01
7.265672302246093750e+01
7.275561523437500000e+01
7.276900482177734375e+01
7.280551147460937500e+01
7.299694824218750000e+01
7.316468048095703125e+01
7.326890563964843750e+01
7.314761352539062500e+01
7.293312072753906250e+01
7.270599365234375000e+01
7.266809844970703125e+01
7.287664794921875000e+01
7.319837951660156250e+01
7.349431610107421875e+01
7.314842224121093750e+01
7.271916961669921875e+01
7.249619293212890625e+01
7.237493896484375000e+01
7.243640899658203125e+01
7.273574829101562500e+01
7.309500122070312500e+01
7.318325042724609375e+01
7.294953918457031250e+01
7.275428771972656250e+01
7.265571594238281250e+01
7.258583831787109375e+01
7.259742736816406250e+01
7.277127075195312500e+01
7.288032531738281250e+01
7.278393554687500000e+01
7.267790222167968750e+01
7.263356781005859375e+01
7.257974243164062500e+01
7.254968261718750000e+01
7.259296417236328125e+01
7.276685333251953125e+01
7.284053039550781250e+01
7.272131347656250000e+01
7.259475708007812500e+01
7.258883666992187500e+01
7.254708099365234375e+01
7.248538208007812500e+01
7.257978820800781250e+01
7.266790771484375000e+01
7.259982299804687500e+01
7.242964172363281250e+01
7.234098815917968750e+01
7.229849243164062500e+01
7.231950378417968750e+01
7.246963500976562500e+01
7.257540130615234375e+01
7.257075500488281250e+01
7.248319244384765625e+01
7.240781402587890625e+01
7.238140869140625000e+01
7.232987213134765625e+01
7.238582611083984375e+01
7.242694854736328125e+01
7.242924499511718750e+01
7.236914825439453125e+01
7.227720642089843750e+01
7.224208068847656250e+01
7.222065734863281250e+01
7.215825653076171875e+01
7.222340393066406250e+01
7.218408203125000000e+01
7.209558868408203125e+01
7.203898620605468750e+01
7.212131500244140625e+01
7.219033050537109375e+01
7.204331970214843750e+01
7.205313110351562500e+01
7.210759735107421875e+01
7.207446289062500000e+01
7.196302795410156250e+01
