7.956793975830078125e+01
6.764077758789062500e+01
6.764882659912109375e+01
7.143025207519531250e+01
6.898605346679687500e+01
5.739815521240234375e+01
6.941545104980468750e+01
8.240820312500000000e+01
8.365998840332031250e+01
8.377046203613281250e+01
8.243400573730468750e+01
8.123820495605468750e+01
8.123883819580078125e+01
6.932345581054687500e+01
8.140810394287109375e+01
8.145071411132812500e+01
8.147270965576171875e+01
8.142620849609375000e+01
8.132672119140625000e+01
8.121316528320312500e+01
6.915599060058593750e+01
8.124471282958984375e+01
8.144956970214843750e+01
8.161574554443359375e+01
8.165098571777343750e+01
8.159835052490234375e+01
8.137609863281250000e+01
8.013964080810546875e+01
8.029055023193359375e+01
8.199036407470703125e+01
8.075793457031250000e+01
7.946412658691406250e+01
7.990747833251953125e+01
8.100029754638671875e+01
8.099704742431640625e+01
7.968439483642578125e+01
7.910792541503906250e+01
7.918360137939453125e+01
7.933626556396484375e+01
7.943428039550781250e+01
7.939852905273437500e+01
7.927812194824218750e+01
7.916439819335937500e+01
7.910056304931640625e+01
7.910960388183593750e+01
7.922444152832031250e+01
7.934464263916015625e+01
7.938905334472656250e+01
7.932304382324218750e+01
7.918850708007812500e+01
7.927632141113281250e+01
8.030714416503906250e+01
8.079575347900390625e+01
7.988774108886718750e+01
7.930204772949218750e+01
7.931163787841796875e+01
7.929386138916015625e+01
7.925513458251953125e+01
7.920838928222656250e+01
7.915915679931640625e+01
7.918933105468750000e+01
7.931457519531250000e+01
7.945656585693359375e+01
7.977999877929687500e+01
6.220821380615234375e+01
6.212817382812500000e+01
6.200103759765625000e+01
6.188994598388671875e+01
6.182077026367187500e+01
6.182795715332031250e+01
6.187322998046875000e+01
6.197985076904296875e+01
6.229519653320312500e+01
8.146453094482421875e+01
8.151602935791015625e+01
8.146430206298828125e+01
6.730452728271484375e+01
6.725550842285156250e+01
7.922779083251953125e+01
7.920105743408203125e+01
7.917632293701171875e+01
7.913674926757812500e+01
7.910915374755859375e+01
7.912107849121093750e+01
7.915634155273437500e+01
7.921375274658203125e+01
7.926085662841796875e+01
7.929106140136718750e+01
7.931358337402343750e+01
7.931001281738281250e+01
7.928445434570312500e+01
7.925468444824218750e+01
7.923350524902343750e+01
7.922651672363281250e+01
7.923307800292968750e+01
7.924551391601562500e+01
7.925360870361328125e+01
7.925506591796875000e+01
7.924906921386718750e+01
7.923220825195312500e+01
7.920806884765625000e+01
7.918164062500000000e+01
7.915988159179687500e+01
7.915124511718750000e+01
7.914550781250000000e+01
7.913082885742187500e+01
7.910574340820312500e+01
7.906199645996093750e+01
7.900050354003906250e+01
7.894792175292968750e+01
7.891289520263671875e+01
7.888527679443359375e+01
7.886202239990234375e+01
7.883851623535156250e+01
7.881674194335937500e+01
7.879962921142578125e+01
7.878396606445312500e+01
7.874800109863281250e+01
7.858078002929687500e+01
7.817435455322265625e+01
7.729371643066406250e+01
7.683740234375000000e+01
7.706449127197265625e+01
7.913151550292968750e+01
8.011370086669921875e+01
8.019185638427734375e+01
7.924414062500000000e+01
7.894203948974609375e+01
7.892906188964843750e+01
7.844750976562500000e+01
7.726365661621093750e+01
6.504376983642578125e+01
7.704975128173828125e+01
7.703253173828125000e+01
7.700277709960937500e+01
7.701161193847656250e+01
7.704534912109375000e+01
7.708866882324218750e+01
7.711941528320312500e+01
7.714411926269531250e+01
7.717601776123046875e+01
7.722749328613281250e+01
7.727636718750000000e+01
7.727679443359375000e+01
7.723066711425781250e+01
7.716858673095703125e+01
7.707789611816406250e+01
7.699456787109375000e+01
7.694110107421875000e+01
7.693194580078125000e+01
7.698882293701171875e+01
7.712300109863281250e+01
7.725751495361328125e+01
7.734680175781250000e+01
7.734859466552734375e+01
7.725486755371093750e+01
7.711923980712890625e+01
7.696228027343750000e+01
7.683595275878906250e+01
7.682678985595703125e+01
7.694967651367187500e+01
7.713804626464843750e+01
7.729753875732421875e+01
7.734245300292968750e+01
7.731388092041015625e+01
7.720332336425781250e+01
7.705603027343750000e+01
7.690334320068359375e+01
7.676568603515625000e+01
7.682109069824218750e+01
7.700717163085937500e+01
7.719181823730468750e+01
7.727616119384765625e+01
7.725459289550781250e+01
7.715040588378906250e+01
7.701116943359375000e+01
7.684152221679687500e+01
7.675569152832031250e+01
7.681277465820312500e+01
7.632572174072265625e+01
7.395468139648437500e+01
7.401715850830078125e+01
7.404704284667968750e+01
7.416819763183593750e+01
