6.963804626464843750e+01
6.959825134277343750e+01
6.884028625488281250e+01
6.890215301513671875e+01
6.894194793701171875e+01
6.898466491699218750e+01
6.903874969482421875e+01
6.908369445800781250e+01
6.913258361816406250e+01
6.918110656738281250e+01
6.921386718750000000e+01
6.922117614746093750e+01
6.922203826904296875e+01
6.922649383544921875e+01
6.922499847412109375e+01
6.924005126953125000e+01
6.926702117919921875e+01
6.925942230224609375e+01
6.923689270019531250e+01
6.922210693359375000e+01
6.921696472167968750e+01
6.922936248779296875e+01
6.923463439941406250e+01
6.923877716064453125e+01
6.925453948974609375e+01
6.925546264648437500e+01
6.924670410156250000e+01
6.923699951171875000e+01
6.922406768798828125e+01
6.922158813476562500e+01
6.922156524658203125e+01
6.921450805664062500e+01
6.921081542968750000e+01
6.921738433837890625e+01
6.923194122314453125e+01
6.923553466796875000e+01
6.922093963623046875e+01
6.919923400878906250e+01
6.916610717773437500e+01
6.914221954345703125e+01
6.913856506347656250e+01
6.913899993896484375e+01
6.913206481933593750e+01
6.913040161132812500e+01
6.913326263427734375e+01
6.913250732421875000e+01
6.912207794189453125e+01
6.912564849853515625e+01
6.914704895019531250e+01
6.917045593261718750e+01
6.916870880126953125e+01
6.916082763671875000e+01
6.915574645996093750e+01
6.915071105957031250e+01
6.914638519287109375e+01
6.913851928710937500e+01
6.913533782958984375e+01
6.913658142089843750e+01
6.913807678222656250e+01
6.914888763427734375e+01
6.915779113769531250e+01
6.916158294677734375e+01
6.916041564941406250e+01
6.916174316406250000e+01
6.914948272705078125e+01
6.914391326904296875e+01
6.915704345703125000e+01
6.916365051269531250e+01
6.915727233886718750e+01
6.914180755615234375e+01
6.912217712402343750e+01
6.911029052734375000e+01
6.910317230224609375e+01
6.910375213623046875e+01
6.910383605957031250e+01
6.909113311767578125e+01
6.906727600097656250e+01
6.902716064453125000e+01
6.897540283203125000e+01
6.891651153564453125e+01
6.885252380371093750e+01
6.875601196289062500e+01
6.864021301269531250e+01
6.855744171142578125e+01
6.855502319335937500e+01
6.855909729003906250e+01
6.855575561523437500e+01
6.856703186035156250e+01
6.856968688964843750e+01
6.856768798828125000e+01
6.856774902343750000e+01
6.859247589111328125e+01
6.861714172363281250e+01
6.861960601806640625e+01
6.861765289306640625e+01
6.862475585937500000e+01
6.862789916992187500e+01
6.862048339843750000e+01
6.864126586914062500e+01
6.874428558349609375e+01
6.898666381835937500e+01
6.933230590820312500e+01
6.958565521240234375e+01
6.965663909912109375e+01
6.971649169921875000e+01
6.979420471191406250e+01
6.982051086425781250e+01
6.981460571289062500e+01
6.982652282714843750e+01
6.983596801757812500e+01
6.986871337890625000e+01
6.986498260498046875e+01
6.985634613037109375e+01
6.985124206542968750e+01
6.985608673095703125e+01
6.983969879150390625e+01
6.980674743652343750e+01
6.979509735107421875e+01
6.979808044433593750e+01
6.977694702148437500e+01
6.976555633544921875e+01
6.976053619384765625e+01
6.973687744140625000e+01
6.974095916748046875e+01
6.976546478271484375e+01
6.978770446777343750e+01
6.979048919677734375e+01
6.979085540771484375e+01
6.981564331054687500e+01
6.984072875976562500e+01
6.987162017822265625e+01
6.988938903808593750e+01
6.988932800292968750e+01
6.987219238281250000e+01
6.986676025390625000e+01
6.985090637207031250e+01
6.985272979736328125e+01
6.987499237060546875e+01
6.991214752197265625e+01
6.993623352050781250e+01
6.993080139160156250e+01
6.990292358398437500e+01
6.986795043945312500e+01
6.984535217285156250e+01
6.981755065917968750e+01
6.981090545654296875e+01
6.985321044921875000e+01
6.991119384765625000e+01
6.994474792480468750e+01
6.992769622802734375e+01
6.989241790771484375e+01
6.986186981201171875e+01
6.983701324462890625e+01
6.981446838378906250e+01
6.979086303710937500e+01
6.974028015136718750e+01
6.968851470947265625e+01
6.968748474121093750e+01
6.978390502929687500e+01
6.993760681152343750e+01
7.000458526611328125e+01
6.994433593750000000e+01
6.980131530761718750e+01
6.964401245117187500e+01
6.952250671386718750e+01
6.943932342529296875e+01
6.952962493896484375e+01
6.982313537597656250e+01
7.000019073486328125e+01
6.999472045898437500e+01
6.982390594482421875e+01
6.960395050048828125e+01
6.940747070312500000e+01
6.936031341552734375e+01
6.948522186279296875e+01
6.981455993652343750e+01
7.003251647949218750e+01
6.999805450439453125e+01
6.979763031005859375e+01
6.956173706054687500e+01
6.937790679931640625e+01
6.934496307373046875e+01
6.944244384765625000e+01
6.961586761474609375e+01
6.993354797363281250e+01
7.005041503906250000e+01
6.990943145751953125e+01
6.970487976074218750e+01
6.957200622558593750e+01
6.956768798828125000e+01
6.968679046630859375e+01
6.987340545654296875e+01
6.994470214843750000e+01
6.995210266113281250e+01
6.985234069824218750e+01
6.967871093750000000e+01
6.956949615478515625e+01
6.957066345214843750e+01
6.968901824951171875e+01
6.985179138183593750e+01
6.986277008056640625e+01
6.978392791748046875e+01
6.970091247558593750e+01
6.960630035400390625e+01
6.952438354492187500e+01
6.954473114013671875e+01
6.965530395507812500e+01
6.977478027343750000e+01
6.979513549804687500e+01
6.975006103515625000e+01
6.967354583740234375e+01
6.963789367675781250e+01
6.965793609619140625e+01
6.971369171142578125e+01
6.980212402343750000e+01
6.985861206054687500e+01
6.982179260253906250e+01
6.974845123291015625e+01
6.968968200683593750e+01
6.965641021728515625e+01
6.968024444580078125e+01
6.978405761718750000e+01
6.987182617187500000e+01
6.986451721191406250e+01
6.980116271972656250e+01
6.976327514648437500e+01
6.978092193603515625e+01
6.982962036132812500e+01
6.993133544921875000e+01
7.002410125732421875e+01
7.001164245605468750e+01
6.993553161621093750e+01
6.984346771240234375e+01
6.978263854980468750e+01
6.975926971435546875e+01
6.978628540039062500e+01
6.985798645019531250e+01
6.990036010742187500e+01
6.985390472412109375e+01
6.975413513183593750e+01
6.970092773437500000e+01
6.971798706054687500e+01
6.980488586425781250e+01
6.988575744628906250e+01
6.994949340820312500e+01
6.994264984130859375e+01
6.988307952880859375e+01
6.983148956298828125e+01
6.984606933593750000e+01
6.994529724121093750e+01
7.000174713134765625e+01
7.006292724609375000e+01
7.006584167480468750e+01
6.998984527587890625e+01
6.987251281738281250e+01
6.980391693115234375e+01
6.981519317626953125e+01
6.988253784179687500e+01
6.997977447509765625e+01
7.007736206054687500e+01
7.009297180175781250e+01
7.002540588378906250e+01
6.995385742187500000e+01
6.990881347656250000e+01
6.991202545166015625e+01
6.996421813964843750e+01
7.002618408203125000e+01
7.006309509277343750e+01
7.007424926757812500e+01
7.007872772216796875e+01
7.007581329345703125e+01
7.007883453369140625e+01
7.010772705078125000e+01
7.016831970214843750e+01
7.023256683349609375e+01
7.029736328125000000e+01
7.035514831542968750e+01
7.037551116943359375e+01
7.035656738281250000e+01
7.034989929199218750e+01
7.037628173828125000e+01
7.041339111328125000e+01
7.046704101562500000e+01
7.050415802001953125e+01
7.051184844970703125e+01
7.053295898437500000e+01
7.056597900390625000e+01
7.060388183593750000e+01
7.067826843261718750e+01
7.074913024902343750e+01
7.078657531738281250e+01
7.082753753662109375e+01
7.088130950927734375e+01
7.093595886230468750e+01
7.101847839355468750e+01
7.110240936279296875e+01
7.117019653320312500e+01
7.124403381347656250e+01
7.142173767089843750e+01
7.175037384033203125e+01
7.213214874267578125e+01
7.233713531494140625e+01
7.239749145507812500e+01
7.238330078125000000e+01
7.229910278320312500e+01
7.217448425292968750e+01
7.214132690429687500e+01
7.230328369140625000e+01
7.261138916015625000e+01
7.275902557373046875e+01
7.263923645019531250e+01
7.233363342285156250e+01
7.202298736572265625e+01
7.191172027587890625e+01
7.200933837890625000e+01
7.226758575439453125e+01
7.252885437011718750e+01
7.262990570068359375e+01
7.250808715820312500e+01
7.217637634277343750e+01
7.191037750244140625e+01
7.184774017333984375e+01
7.195674896240234375e+01
7.218986511230468750e+01
7.231977844238281250e+01
7.216110229492187500e+01
7.195603942871093750e+01
7.189851379394531250e+01
7.197771453857421875e+01
7.217005920410156250e+01
7.237762451171875000e+01
7.247279357910156250e+01
7.240563201904296875e+01
7.218630218505859375e+01
7.202223205566406250e+01
7.200950622558593750e+01
7.207979583740234375e+01
7.215229034423828125e+01
7.216230773925781250e+01
7.211617279052734375e+01
7.204374694824218750e+01
7.198832702636718750e+01
7.197406005859375000e+01
7.202368164062500000e+01
7.208187866210937500e+01
7.208060455322265625e+01
7.202610015869140625e+01
7.194276428222656250e+01
7.189985656738281250e+01
7.192416381835937500e+01
7.204003143310546875e+01
7.222557067871093750e+01
7.221842956542968750e+01
7.206442260742187500e+01
7.197454071044921875e+01
7.193101501464843750e+01
7.195065307617187500e+01
7.208788299560546875e+01
7.229763031005859375e+01
7.231927490234375000e+01
7.207000732421875000e+01
7.181143188476562500e+01
7.174259948730468750e+01
7.183572387695312500e+01
7.212159729003906250e+01
7.236804199218750000e+01
7.241085815429687500e+01
7.226835632324218750e+01
7.186362457275390625e+01
7.168326568603515625e+01
7.174050140380859375e+01
7.203958129882812500e+01
7.233436584472656250e+01
7.237846374511718750e+01
7.227694702148437500e+01
7.193759155273437500e+01
7.166079711914062500e+01
7.162238311767578125e+01
7.184238433837890625e+01
7.226034545898437500e+01
7.234297943115234375e+01
7.224967193603515625e+01
7.197912597656250000e+01
7.175296020507812500e+01
7.175265502929687500e+01
7.199993896484375000e+01
7.232411193847656250e+01
7.236601257324218750e+01
7.223196411132812500e+01
7.190760803222656250e+01
7.165945434570312500e+01
7.162712097167968750e+01
7.182366943359375000e+01
7.218730163574218750e+01
7.226210784912109375e+01
7.219089508056640625e+01
7.192793273925781250e+01
7.167634582519531250e+01
7.168637847900390625e+01
7.188661956787109375e+01
7.213102722167968750e+01
7.219940948486328125e+01
7.208567810058593750e+01
7.184074401855468750e+01
7.164512634277343750e+01
7.162452697753906250e+01
7.176314544677734375e+01
7.196533203125000000e+01
7.205590820312500000e+01
7.199531555175781250e+01
7.185781097412109375e+01
7.179509735107421875e+01
7.189166259765625000e+01
7.211656188964843750e+01
7.229934692382812500e+01
7.233641815185546875e+01
7.221515655517578125e+01
7.191925048828125000e+01
7.166758728027343750e+01
7.162947082519531250e+01
7.178569030761718750e+01
7.206208801269531250e+01
7.222072601318359375e+01
7.220002746582031250e+01
7.199835968017578125e+01
7.174394989013671875e+01
7.169702911376953125e+01
7.182199859619140625e+01
7.207075500488281250e+01
7.223534393310546875e+01
7.223585510253906250e+01
7.205032348632812500e+01
7.176283264160156250e+01
