7.493905639648437500e+01
7.479177093505859375e+01
7.508411407470703125e+01
5.939459991455078125e+01
5.939361190795898438e+01
5.939397811889648438e+01
4.921242141723632812e+01
4.924663543701171875e+01
6.832868957519531250e+01
4.927532196044921875e+01
5.624412918090820312e+01
5.625115585327148438e+01
6.831805419921875000e+01
5.632327651977539062e+01
4.291884231567382812e+01
5.357976531982421875e+01
4.927666473388671875e+01
4.933364868164062500e+01
5.132128143310546875e+01
5.630530929565429688e+01
5.949786376953125000e+01
8.731408691406250000e+01
5.954613494873046875e+01
5.958845520019531250e+01
5.936944198608398438e+01
5.894845581054687500e+01
4.301079559326171875e+01
8.752198791503906250e+01
7.557824707031250000e+01
7.595433044433593750e+01
7.616419982910156250e+01
7.618138885498046875e+01
7.616664886474609375e+01
6.415634155273437500e+01
6.409872436523437500e+01
6.406424713134765625e+01
6.406254577636718750e+01
6.409603881835937500e+01
6.417649841308593750e+01
6.428794097900390625e+01
6.438718414306640625e+01
6.437775421142578125e+01
6.429634094238281250e+01
6.422765350341796875e+01
6.427861022949218750e+01
6.434333801269531250e+01
6.434258270263671875e+01
6.431319427490234375e+01
6.427466583251953125e+01
6.436259460449218750e+01
6.460055541992187500e+01
6.445623779296875000e+01
6.420274353027343750e+01
6.414076232910156250e+01
6.410749816894531250e+01
6.409082031250000000e+01
6.408691406250000000e+01
6.413588714599609375e+01
6.421688842773437500e+01
6.409646606445312500e+01
6.402686309814453125e+01
6.403109741210937500e+01
6.399452972412109375e+01
6.398443603515625000e+01
6.409944152832031250e+01
6.417060089111328125e+01
6.421550750732421875e+01
6.421025848388671875e+01
6.420600128173828125e+01
6.422652435302734375e+01
6.424790954589843750e+01
6.430186462402343750e+01
6.436868286132812500e+01
6.434925079345703125e+01
6.429262542724609375e+01
6.424217224121093750e+01
6.426760864257812500e+01
6.429518890380859375e+01
6.423933410644531250e+01
6.416389465332031250e+01
6.414705657958984375e+01
6.421964263916015625e+01
6.449154663085937500e+01
5.316823577880859375e+01
5.318494415283203125e+01
5.308097076416015625e+01
6.459166717529296875e+01
6.434086608886718750e+01
4.565703964233398438e+01
4.574166107177734375e+01
5.308794021606445312e+01
5.306674575805664062e+01
5.305332946777343750e+01
5.309240341186523438e+01
5.312573242187500000e+01
5.315887069702148438e+01
5.317945098876953125e+01
5.319200134277343750e+01
5.318117523193359375e+01
5.316209411621093750e+01
5.316838073730468750e+01
5.318860626220703125e+01
5.321144485473632812e+01
5.324417877197265625e+01
5.329217529296875000e+01
5.332694244384765625e+01
5.334420013427734375e+01
5.335094833374023438e+01
5.333554077148437500e+01
5.333164215087890625e+01
5.332527160644531250e+01
5.329838562011718750e+01
5.328135681152343750e+01
5.329727935791015625e+01
5.335031890869140625e+01
5.343362426757812500e+01
5.348059082031250000e+01
5.357509613037109375e+01
6.564217376708984375e+01
6.562991333007812500e+01
6.561534118652343750e+01
6.563800811767578125e+01
6.568475341796875000e+01
6.573294830322265625e+01
6.578315734863281250e+01
6.580876159667968750e+01
6.582151794433593750e+01
6.581860351562500000e+01
6.582127380371093750e+01
6.583439636230468750e+01
6.586703491210937500e+01
6.589258575439453125e+01
6.592572021484375000e+01
6.603118133544921875e+01
6.619818115234375000e+01
6.621927642822265625e+01
6.620529174804687500e+01
6.617686462402343750e+01
6.615272521972656250e+01
6.614663696289062500e+01
6.616355895996093750e+01
6.617720794677734375e+01
6.619514465332031250e+01
6.620056152343750000e+01
6.620030212402343750e+01
6.620628356933593750e+01
6.622267150878906250e+01
6.624176788330078125e+01
6.623490905761718750e+01
6.622596740722656250e+01
6.624076843261718750e+01
6.624347686767578125e+01
6.626785278320312500e+01
6.630863952636718750e+01
6.635044097900390625e+01
6.638436889648437500e+01
6.641890716552734375e+01
6.642359924316406250e+01
6.641065216064453125e+01
6.643915557861328125e+01
6.649219512939453125e+01
6.657603454589843750e+01
6.667706298828125000e+01
6.669944000244140625e+01
6.669859313964843750e+01
6.668930816650390625e+01
6.667851257324218750e+01
6.669789123535156250e+01
6.673605346679687500e+01
6.674324035644531250e+01
6.675882720947265625e+01
6.676115417480468750e+01
6.676660156250000000e+01
6.676367187500000000e+01
6.674269104003906250e+01
6.673794555664062500e+01
6.677703094482421875e+01
6.677951049804687500e+01
6.678935241699218750e+01
6.682239532470703125e+01
6.687410736083984375e+01
6.699033355712890625e+01
6.710282135009765625e+01
6.717627716064453125e+01
6.721233367919921875e+01
6.724068450927734375e+01
6.727412414550781250e+01
6.729728698730468750e+01
6.733103179931640625e+01
6.735037231445312500e+01
6.738600158691406250e+01
6.742663574218750000e+01
6.744416046142578125e+01
6.747560882568359375e+01
6.748645782470703125e+01
6.750086212158203125e+01
6.750066375732421875e+01
6.751817321777343750e+01
6.753141021728515625e+01
6.752239227294921875e+01
6.753379821777343750e+01
6.754580688476562500e+01
6.758821868896484375e+01
6.760494232177734375e+01
6.760443878173828125e+01
6.760456848144531250e+01
6.760720062255859375e+01
5.563366699218750000e+01
5.567014312744140625e+01
5.572182083129882812e+01
5.578247833251953125e+01
5.583013153076171875e+01
5.585829925537109375e+01
5.585827636718750000e+01
6.787675476074218750e+01
6.790393066406250000e+01
6.793863677978515625e+01
6.796836853027343750e+01
6.801602172851562500e+01
6.805700683593750000e+01
6.809201812744140625e+01
6.811538696289062500e+01
6.813785552978515625e+01
5.616126251220703125e+01
5.619029998779296875e+01
6.825296020507812500e+01
6.828291320800781250e+01
6.829808807373046875e+01
6.831288146972656250e+01
5.629895019531250000e+01
5.630821609497070312e+01
5.631850433349609375e+01
5.634469985961914062e+01
5.638098144531250000e+01
5.641521453857421875e+01
5.644249725341796875e+01
5.646536254882812500e+01
5.647715759277343750e+01
5.648700714111328125e+01
5.650762176513671875e+01
6.855231475830078125e+01
6.858520507812500000e+01
6.860386657714843750e+01
6.860939025878906250e+01
6.860154724121093750e+01
6.859576416015625000e+01
6.860523986816406250e+01
6.862512207031250000e+01
6.864836120605468750e+01
6.865290069580078125e+01
6.864479064941406250e+01
6.864994049072265625e+01
6.868166351318359375e+01
6.872254180908203125e+01
6.874245452880859375e+01
6.875150299072265625e+01
6.877787780761718750e+01
6.878900146484375000e+01
6.878514099121093750e+01
6.879517364501953125e+01
6.883565521240234375e+01
6.885179138183593750e+01
6.884337615966796875e+01
6.884399414062500000e+01
6.885085296630859375e+01
6.886754608154296875e+01
6.888386535644531250e+01
6.889393615722656250e+01
6.889997100830078125e+01
6.889355468750000000e+01
6.889128875732421875e+01
6.890286254882812500e+01
6.891183471679687500e+01
6.893756866455078125e+01
6.898196411132812500e+01
6.902819061279296875e+01
6.906361389160156250e+01
6.910089874267578125e+01
6.914896392822265625e+01
6.919411468505859375e+01
6.919012451171875000e+01
6.916288757324218750e+01
6.913230133056640625e+01
6.914555358886718750e+01
6.915499877929687500e+01
6.919737243652343750e+01
6.935636901855468750e+01
6.970369720458984375e+01
6.971511840820312500e+01
6.962870025634765625e+01
6.960426330566406250e+01
6.958499145507812500e+01
6.960124969482421875e+01
6.967028045654296875e+01
6.980088806152343750e+01
6.994031524658203125e+01
6.989528656005859375e+01
6.982603454589843750e+01
6.988533020019531250e+01
7.004592132568359375e+01
7.066604614257812500e+01
7.168342590332031250e+01
7.345191192626953125e+01
7.400952148437500000e+01
7.416552734375000000e+01
7.431600189208984375e+01
7.445646667480468750e+01
5.578334045410156250e+01
5.554836273193359375e+01
4.995365905761718750e+01
