4.979206466674804688e+01
6.918460845947265625e+01
6.952422332763671875e+01
5.023844146728515625e+01
8.154072570800781250e+01
7.122478485107421875e+01
7.131062316894531250e+01
7.141017150878906250e+01
6.933222961425781250e+01
6.899747467041015625e+01
6.900570678710937500e+01
6.907050323486328125e+01
6.912448883056640625e+01
6.905714416503906250e+01
6.894317626953125000e+01
6.885522460937500000e+01
6.883621215820312500e+01
6.889019775390625000e+01
6.892201995849609375e+01
6.890482330322265625e+01
6.889988708496093750e+01
6.895259857177734375e+01
6.898861694335937500e+01
6.903071594238281250e+01
6.905983734130859375e+01
6.905571746826171875e+01
6.905083465576171875e+01
6.902473449707031250e+01
6.902375793457031250e+01
6.902491760253906250e+01
6.903372192382812500e+01
6.902004241943359375e+01
6.901668548583984375e+01
6.902373504638671875e+01
6.904681396484375000e+01
6.907482910156250000e+01
6.909083557128906250e+01
6.910200500488281250e+01
6.908523559570312500e+01
6.907012939453125000e+01
6.906011962890625000e+01
6.905371093750000000e+01
6.906158447265625000e+01
6.906672668457031250e+01
6.905953979492187500e+01
6.902718353271484375e+01
6.899096679687500000e+01
6.897284698486328125e+01
6.897819519042968750e+01
6.898620605468750000e+01
6.897750854492187500e+01
6.896324157714843750e+01
6.895453643798828125e+01
6.894771575927734375e+01
6.894302368164062500e+01
6.892997741699218750e+01
6.892741394042968750e+01
6.894020843505859375e+01
6.894944763183593750e+01
6.895356750488281250e+01
6.896039581298828125e+01
6.897601318359375000e+01
6.899870300292968750e+01
6.899760437011718750e+01
6.897309112548828125e+01
6.895243072509765625e+01
6.895897674560546875e+01
6.897143554687500000e+01
6.898905181884765625e+01
6.898101806640625000e+01
6.896389770507812500e+01
6.896042633056640625e+01
6.897483062744140625e+01
6.899245452880859375e+01
6.899813842773437500e+01
6.899698638916015625e+01
6.899793243408203125e+01
6.900227355957031250e+01
6.900881958007812500e+01
6.900871276855468750e+01
6.900331878662109375e+01
6.901681518554687500e+01
6.903847503662109375e+01
6.904028320312500000e+01
6.901983642578125000e+01
6.901483917236328125e+01
6.903555297851562500e+01
6.904238891601562500e+01
6.904144287109375000e+01
6.904083251953125000e+01
6.904011535644531250e+01
6.904512786865234375e+01
6.905247497558593750e+01
6.906379699707031250e+01
6.907286834716796875e+01
6.906816101074218750e+01
6.906359100341796875e+01
6.906764221191406250e+01
6.907263183593750000e+01
6.906065368652343750e+01
6.904163360595703125e+01
6.903639984130859375e+01
6.903752136230468750e+01
6.903279113769531250e+01
6.902040100097656250e+01
6.901319122314453125e+01
6.901651000976562500e+01
6.901273345947265625e+01
6.901189422607421875e+01
6.901227569580078125e+01
6.900380706787109375e+01
6.899838256835937500e+01
6.898556518554687500e+01
6.897499084472656250e+01
6.896620178222656250e+01
6.897472381591796875e+01
6.897373962402343750e+01
6.896596527099609375e+01
6.896028137207031250e+01
6.895781707763671875e+01
6.895865631103515625e+01
6.895713043212890625e+01
6.895091247558593750e+01
6.894578552246093750e+01
6.894885253906250000e+01
6.895343017578125000e+01
6.895644378662109375e+01
6.896006774902343750e+01
6.895533752441406250e+01
6.894776916503906250e+01
6.892731475830078125e+01
6.890652465820312500e+01
6.889721679687500000e+01
6.889437866210937500e+01
6.888717651367187500e+01
6.888677215576171875e+01
6.888066101074218750e+01
6.887308502197265625e+01
6.887948608398437500e+01
6.888524627685546875e+01
6.889505004882812500e+01
6.889691925048828125e+01
6.889331054687500000e+01
6.889476776123046875e+01
6.891178131103515625e+01
6.892805480957031250e+01
6.892784118652343750e+01
6.891506195068359375e+01
6.890855407714843750e+01
6.890969085693359375e+01
6.892140197753906250e+01
6.892970275878906250e+01
6.893309020996093750e+01
6.892538452148437500e+01
6.891265106201171875e+01
6.891715240478515625e+01
6.893515014648437500e+01
6.893786621093750000e+01
6.893350219726562500e+01
6.891796875000000000e+01
6.890331268310546875e+01
6.890748596191406250e+01
6.891578674316406250e+01
6.892248535156250000e+01
6.892802429199218750e+01
6.891749572753906250e+01
6.891130065917968750e+01
6.893025970458984375e+01
6.893601989746093750e+01
6.892794036865234375e+01
6.891551208496093750e+01
6.892572021484375000e+01
6.893656158447265625e+01
6.894522857666015625e+01
6.894439697265625000e+01
6.894029235839843750e+01
6.895120239257812500e+01
6.897439575195312500e+01
6.897080230712890625e+01
6.896501159667968750e+01
6.896604919433593750e+01
6.897943115234375000e+01
6.897790527343750000e+01
6.898289489746093750e+01
6.896463012695312500e+01
6.894355010986328125e+01
6.892347717285156250e+01
6.895409393310546875e+01
6.897322082519531250e+01
6.897511291503906250e+01
6.898246765136718750e+01
6.898976135253906250e+01
6.899673461914062500e+01
6.898995208740234375e+01
6.899983215332031250e+01
6.900564575195312500e+01
6.899511718750000000e+01
6.898588562011718750e+01
6.899481201171875000e+01
6.899846649169921875e+01
6.899263763427734375e+01
6.898178100585937500e+01
6.897206878662109375e+01
6.897802734375000000e+01
6.898989105224609375e+01
6.899162292480468750e+01
6.896343231201171875e+01
6.895262145996093750e+01
6.896606445312500000e+01
6.897087097167968750e+01
6.898171997070312500e+01
6.900693511962890625e+01
6.900449371337890625e+01
6.901296997070312500e+01
6.902550506591796875e+01
6.901148223876953125e+01
6.899964904785156250e+01
6.899819183349609375e+01
6.898675537109375000e+01
6.898123931884765625e+01
6.899453735351562500e+01
6.900410461425781250e+01
6.901521301269531250e+01
6.902339935302734375e+01
6.902626800537109375e+01
6.903366088867187500e+01
6.903125000000000000e+01
6.903829956054687500e+01
6.904790496826171875e+01
6.906136322021484375e+01
6.907070922851562500e+01
6.908135986328125000e+01
6.908456420898437500e+01
6.909156036376953125e+01
6.911081695556640625e+01
6.913698577880859375e+01
6.915476989746093750e+01
6.916448974609375000e+01
6.917865753173828125e+01
6.918105316162109375e+01
6.917038726806640625e+01
6.916098022460937500e+01
6.914068603515625000e+01
6.913815307617187500e+01
6.914470672607421875e+01
6.913129425048828125e+01
6.911453247070312500e+01
6.910955810546875000e+01
6.911537170410156250e+01
6.910705566406250000e+01
6.910053253173828125e+01
6.907952880859375000e+01
6.906745147705078125e+01
6.906613159179687500e+01
6.906699371337890625e+01
6.906205749511718750e+01
6.906147766113281250e+01
6.905745697021484375e+01
6.904467773437500000e+01
6.904583740234375000e+01
6.907565307617187500e+01
6.910427093505859375e+01
6.911254119873046875e+01
6.910486602783203125e+01
6.911049652099609375e+01
6.911650848388671875e+01
6.910160827636718750e+01
6.910166931152343750e+01
6.912626647949218750e+01
6.917719268798828125e+01
6.923500823974609375e+01
6.925668334960937500e+01
6.928653717041015625e+01
6.927803039550781250e+01
6.926466369628906250e+01
6.927007293701171875e+01
6.927724456787109375e+01
