6.295864868164062500e+01
6.173587036132812500e+01
6.153845977783203125e+01
6.137890625000000000e+01
6.172058868408203125e+01
6.362409973144531250e+01
6.419123840332031250e+01
6.429141235351562500e+01
6.430859375000000000e+01
6.369917297363281250e+01
6.190701293945312500e+01
6.174764251708984375e+01
6.162617492675781250e+01
6.164616394042968750e+01
6.300784301757812500e+01
6.393257141113281250e+01
6.394890594482421875e+01
6.383282470703125000e+01
6.298984527587890625e+01
6.132722473144531250e+01
6.129093170166015625e+01
6.161403656005859375e+01
6.336088562011718750e+01
6.450571441650390625e+01
6.470468139648437500e+01
6.454242706298828125e+01
6.295700836181640625e+01
6.149325561523437500e+01
6.133071899414062500e+01
6.233338165283203125e+01
6.376605224609375000e+01
6.396821594238281250e+01
6.398585510253906250e+01
6.369924926757812500e+01
6.199823760986328125e+01
6.154510498046875000e+01
6.201565551757812500e+01
6.412266540527343750e+01
6.458437347412109375e+01
6.452242279052734375e+01
6.419671630859375000e+01
6.202050781250000000e+01
6.174159240722656250e+01
6.189988708496093750e+01
6.431729125976562500e+01
6.480881500244140625e+01
6.490980529785156250e+01
6.495796203613281250e+01
6.438150024414062500e+01
6.240199279785156250e+01
6.467173004150390625e+01
6.484234619140625000e+01
6.482702636718750000e+01
7.603858947753906250e+01
6.197617340087890625e+01
6.199720764160156250e+01
6.208171081542968750e+01
6.214879608154296875e+01
6.219726562500000000e+01
7.455123138427734375e+01
7.651000976562500000e+01
5.328372192382812500e+01
6.532563781738281250e+01
6.535427093505859375e+01
7.708453369140625000e+01
6.215693664550781250e+01
6.220336151123046875e+01
6.223681640625000000e+01
6.226029205322265625e+01
5.901189422607421875e+01
5.900051879882812500e+01
7.100011444091796875e+01
7.100671386718750000e+01
7.802242279052734375e+01
6.216555023193359375e+01
9.003437042236328125e+01
9.002812194824218750e+01
6.599607849121093750e+01
6.597943115234375000e+01
6.595831298828125000e+01
8.992672729492187500e+01
6.204660797119140625e+01
6.204390716552734375e+01
6.201918792724609375e+01
6.201557922363281250e+01
6.214241027832031250e+01
5.884083557128906250e+01
6.204503631591796875e+01
6.200785827636718750e+01
6.201687622070312500e+01
6.210944366455078125e+01
8.346875762939453125e+01
6.458617401123046875e+01
6.460442352294921875e+01
6.456758117675781250e+01
4.990706634521484375e+01
6.204626464843750000e+01
6.202329254150390625e+01
6.212752532958984375e+01
4.340011978149414062e+01
6.501335906982421875e+01
6.502767944335937500e+01
7.608754730224609375e+01
6.216102600097656250e+01
6.213966369628906250e+01
6.216681671142578125e+01
7.450966644287109375e+01
7.653682708740234375e+01
7.702324676513671875e+01
7.698812866210937500e+01
7.686619567871093750e+01
7.547494506835937500e+01
6.217060089111328125e+01
6.219529724121093750e+01
6.221887969970703125e+01
6.221234130859375000e+01
6.229336547851562500e+01
7.621171569824218750e+01
7.714335632324218750e+01
6.508256530761718750e+01
7.709580993652343750e+01
7.705863952636718750e+01
7.638461303710937500e+01
6.209754943847656250e+01
6.202350616455078125e+01
6.199040222167968750e+01
6.200608825683593750e+01
6.230262756347656250e+01
7.658257293701171875e+01
7.697837829589843750e+01
7.683099365234375000e+01
7.573483276367187500e+01
6.201997375488281250e+01
6.199925231933593750e+01
6.200106048583984375e+01
6.199746704101562500e+01
7.420402526855468750e+01
7.602138519287109375e+01
7.669593048095703125e+01
7.665921783447265625e+01
7.673133850097656250e+01
6.480372619628906250e+01
6.480519104003906250e+01
7.652861785888671875e+01
7.483341217041015625e+01
6.184629821777343750e+01
6.182827758789062500e+01
6.184426879882812500e+01
7.408023071289062500e+01
7.564611816406250000e+01
6.467840576171875000e+01
6.474461364746093750e+01
6.463408660888671875e+01
6.296168518066406250e+01
6.187905883789062500e+01
6.186206054687500000e+01
6.185626983642578125e+01
6.183735656738281250e+01
6.180352020263671875e+01
6.248012542724609375e+01
6.434004974365234375e+01
6.453836059570312500e+01
6.453967285156250000e+01
6.450506591796875000e+01
6.393771362304687500e+01
6.199229431152343750e+01
6.178498840332031250e+01
6.173061370849609375e+01
6.166492462158203125e+01
6.167184448242187500e+01
6.258551788330078125e+01
6.423207092285156250e+01
6.450866699218750000e+01
6.455432891845703125e+01
6.448671722412109375e+01
6.377287292480468750e+01
6.184915924072265625e+01
6.165466308593750000e+01
6.163787841796875000e+01
6.163655090332031250e+01
6.163232421875000000e+01
6.164731597900390625e+01
6.222204589843750000e+01
6.401896667480468750e+01
6.445533752441406250e+01
6.451007843017578125e+01
6.457386779785156250e+01
6.460983276367187500e+01
6.424205780029296875e+01
6.244198608398437500e+01
6.187287902832031250e+01
6.185864257812500000e+01
6.185295867919921875e+01
6.186221313476562500e+01
6.188898468017578125e+01
6.231788635253906250e+01
6.384739685058593750e+01
6.457077789306640625e+01
6.465607452392578125e+01
6.467444610595703125e+01
6.457681274414062500e+01
6.354971313476562500e+01
6.195664978027343750e+01
6.187506103515625000e+01
6.185980224609375000e+01
6.183333587646484375e+01
6.183996582031250000e+01
6.186168670654296875e+01
6.187841796875000000e+01
6.188253784179687500e+01
6.188764190673828125e+01
6.221551513671875000e+01
6.358069610595703125e+01
6.453510284423828125e+01
6.475676727294921875e+01
6.478613281250000000e+01
6.472810363769531250e+01
6.406906890869140625e+01
6.214529418945312500e+01
6.186926269531250000e+01
6.186850738525390625e+01
6.187116241455078125e+01
6.187114715576171875e+01
6.187256622314453125e+01
6.186695861816406250e+01
6.188407897949218750e+01
6.191782379150390625e+01
6.194895935058593750e+01
6.198041534423828125e+01
6.209039306640625000e+01
6.210143280029296875e+01
6.218691253662109375e+01
6.225807189941406250e+01
6.209349060058593750e+01
6.194092559814453125e+01
6.198587799072265625e+01
6.194650268554687500e+01
6.189149475097656250e+01
6.187983703613281250e+01
6.186088562011718750e+01
6.185702514648437500e+01
6.186396789550781250e+01
6.187437438964843750e+01
6.188977813720703125e+01
6.191099548339843750e+01
6.193243408203125000e+01
6.195584869384765625e+01
6.197032928466796875e+01
7.397774505615234375e+01
7.399503326416015625e+01
6.204764556884765625e+01
6.212056732177734375e+01
7.421010589599609375e+01
6.228930664062500000e+01
6.236720275878906250e+01
6.241963195800781250e+01
6.243515014648437500e+01
6.247276306152343750e+01
6.240437316894531250e+01
6.233887481689453125e+01
6.232655334472656250e+01
6.233484649658203125e+01
6.230728912353515625e+01
6.220822143554687500e+01
6.209403228759765625e+01
7.397496032714843750e+01
7.384886169433593750e+01
7.384317016601562500e+01
7.394741821289062500e+01
7.396577453613281250e+01
7.401917266845703125e+01
7.399378204345703125e+01
7.387318420410156250e+01
7.379557800292968750e+01
7.371585083007812500e+01
7.366928100585937500e+01
7.367715454101562500e+01
7.378657531738281250e+01
7.395462036132812500e+01
7.409369659423828125e+01
7.405180358886718750e+01
7.389387512207031250e+01
6.174427795410156250e+01
6.162156677246093750e+01
6.153993988037109375e+01
6.155136108398437500e+01
6.169268035888671875e+01
6.186439514160156250e+01
6.189427185058593750e+01
6.184483337402343750e+01
7.376475524902343750e+01
7.369055938720703125e+01
7.360417175292968750e+01
7.358842468261718750e+01
7.372507476806640625e+01
7.386996459960937500e+01
7.392652893066406250e+01
7.388962554931640625e+01
7.379560089111328125e+01
7.368056488037109375e+01
7.361498260498046875e+01
7.365866088867187500e+01
7.383625793457031250e+01
7.399508666992187500e+01
7.405021667480468750e+01
7.396725463867187500e+01
7.377545166015625000e+01
7.360301208496093750e+01
7.354010009765625000e+01
7.359473419189453125e+01
7.379237365722656250e+01
7.396005249023437500e+01
7.399138641357421875e+01
7.388074493408203125e+01
7.371101379394531250e+01
7.357719421386718750e+01
7.356178283691406250e+01
7.363220977783203125e+01
7.379653930664062500e+01
7.393191528320312500e+01
7.394388580322265625e+01
7.383101654052734375e+01
7.364142608642578125e+01
7.353058624267578125e+01
7.352407836914062500e+01
7.361457061767578125e+01
7.379331970214843750e+01
7.391651916503906250e+01
7.390231323242187500e+01
7.375727844238281250e+01
7.361242675781250000e+01
7.357746887207031250e+01
7.363183593750000000e+01
7.375247192382812500e+01
7.384979248046875000e+01
7.386190795898437500e+01
7.374542236328125000e+01
7.356674957275390625e+01
7.347631835937500000e+01
7.350634765625000000e+01
7.362527465820312500e+01
7.374209594726562500e+01
7.379627990722656250e+01
7.376698303222656250e+01
7.366518402099609375e+01
7.356439208984375000e+01
7.358238983154296875e+01
7.365162658691406250e+01
7.373800659179687500e+01
7.381481170654296875e+01
7.382521820068359375e+01
7.374896240234375000e+01
7.366151428222656250e+01
7.364892578125000000e+01
7.368545532226562500e+01
7.374848175048828125e+01
7.381645202636718750e+01
7.382281494140625000e+01
7.373342895507812500e+01
7.360060119628906250e+01
7.352818298339843750e+01
7.356002807617187500e+01
7.365820312500000000e+01
7.374448394775390625e+01
7.379146575927734375e+01
7.376190185546875000e+01
7.364413452148437500e+01
7.352321624755859375e+01
