6.230792999267578125e+01
6.209739685058593750e+01
6.212213134765625000e+01
6.215815734863281250e+01
6.216680908203125000e+01
6.218638610839843750e+01
6.217518615722656250e+01
6.215218353271484375e+01
6.213394927978515625e+01
6.210962677001953125e+01
6.209839630126953125e+01
6.211167907714843750e+01
6.212590026855468750e+01
6.210935974121093750e+01
7.404613494873046875e+01
7.407203674316406250e+01
7.412474060058593750e+01
7.414477539062500000e+01
7.416571807861328125e+01
7.417367553710937500e+01
7.417060089111328125e+01
7.416040039062500000e+01
7.414276885986328125e+01
7.412844848632812500e+01
7.412850189208984375e+01
7.414078521728515625e+01
7.415512847900390625e+01
7.414904785156250000e+01
7.412969207763671875e+01
7.411045837402343750e+01
7.408963012695312500e+01
7.407977294921875000e+01
7.408178710937500000e+01
7.409640502929687500e+01
7.413002777099609375e+01
7.412779235839843750e+01
7.410737609863281250e+01
7.408767700195312500e+01
7.407741546630859375e+01
7.408377075195312500e+01
7.410395812988281250e+01
7.411716461181640625e+01
7.411682128906250000e+01
7.411939239501953125e+01
7.411533355712890625e+01
7.410697937011718750e+01
7.410945129394531250e+01
7.412217712402343750e+01
7.414104461669921875e+01
7.414486694335937500e+01
7.413806152343750000e+01
7.416333007812500000e+01
7.418647766113281250e+01
7.416408538818359375e+01
7.413227081298828125e+01
7.410256195068359375e+01
7.410380554199218750e+01
7.411973571777343750e+01
7.410826110839843750e+01
7.408985900878906250e+01
7.408929443359375000e+01
7.409068298339843750e+01
7.410343933105468750e+01
7.412138366699218750e+01
7.413166046142578125e+01
7.412574005126953125e+01
7.411956024169921875e+01
7.413094329833984375e+01
7.412454223632812500e+01
7.411210632324218750e+01
7.410115051269531250e+01
7.409571838378906250e+01
7.408901977539062500e+01
7.408363342285156250e+01
7.407223510742187500e+01
7.407029724121093750e+01
7.407151031494140625e+01
7.408885192871093750e+01
7.411444854736328125e+01
7.411860656738281250e+01
7.408976745605468750e+01
7.405313873291015625e+01
7.405415344238281250e+01
7.406037902832031250e+01
7.405416107177734375e+01
7.405334472656250000e+01
7.405213928222656250e+01
7.405353546142578125e+01
7.405841827392578125e+01
7.404769897460937500e+01
7.403680419921875000e+01
7.402979278564453125e+01
7.402527618408203125e+01
7.403391265869140625e+01
7.404084014892578125e+01
7.404734802246093750e+01
7.404096221923828125e+01
7.403437042236328125e+01
7.403532409667968750e+01
7.405140686035156250e+01
7.407253265380859375e+01
7.408059692382812500e+01
7.408773803710937500e+01
7.410439300537109375e+01
7.412261199951171875e+01
7.413286590576171875e+01
7.412326049804687500e+01
7.410182952880859375e+01
7.410478210449218750e+01
7.412568664550781250e+01
7.413340759277343750e+01
7.412158203125000000e+01
7.411508941650390625e+01
7.412077331542968750e+01
7.411716461181640625e+01
7.410789489746093750e+01
7.408559417724609375e+01
7.405758666992187500e+01
7.402452087402343750e+01
7.398715209960937500e+01
7.396592712402343750e+01
7.393643188476562500e+01
7.387263488769531250e+01
7.382678222656250000e+01
7.377281188964843750e+01
7.371575164794921875e+01
7.366578674316406250e+01
7.357572937011718750e+01
7.339648437500000000e+01
7.341168212890625000e+01
7.346766662597656250e+01
7.356492614746093750e+01
7.365415954589843750e+01
7.361830139160156250e+01
7.362404632568359375e+01
7.359426879882812500e+01
7.354087829589843750e+01
7.355450439453125000e+01
7.350949096679687500e+01
7.360997009277343750e+01
7.366537475585937500e+01
7.371726226806640625e+01
7.369915771484375000e+01
7.366984558105468750e+01
7.363696289062500000e+01
7.360308074951171875e+01
7.365951538085937500e+01
7.369147491455078125e+01
7.374336242675781250e+01
7.373461151123046875e+01
7.372175598144531250e+01
7.363698577880859375e+01
7.356530761718750000e+01
7.355389404296875000e+01
7.354878234863281250e+01
7.361031341552734375e+01
7.366101074218750000e+01
7.376777648925781250e+01
7.371993255615234375e+01
7.366376495361328125e+01
7.371000671386718750e+01
7.361481475830078125e+01
7.366861724853515625e+01
7.379070281982421875e+01
7.383164978027343750e+01
7.383290100097656250e+01
7.382099914550781250e+01
7.380467224121093750e+01
7.380799102783203125e+01
7.381770324707031250e+01
7.384747314453125000e+01
7.386528015136718750e+01
7.390609741210937500e+01
7.393840026855468750e+01
7.393058776855468750e+01
7.392494201660156250e+01
7.393402099609375000e+01
7.395421600341796875e+01
7.398979187011718750e+01
7.399912261962890625e+01
7.400003051757812500e+01
7.402612304687500000e+01
7.403587341308593750e+01
7.407768249511718750e+01
7.410989379882812500e+01
7.412722778320312500e+01
7.413687133789062500e+01
7.414955139160156250e+01
7.415031433105468750e+01
7.417014312744140625e+01
7.420272064208984375e+01
7.424957275390625000e+01
7.428316497802734375e+01
7.428256225585937500e+01
7.428550720214843750e+01
7.428887176513671875e+01
7.431044006347656250e+01
7.432464599609375000e+01
7.433874511718750000e+01
7.434539031982421875e+01
7.436337280273437500e+01
7.438890075683593750e+01
7.442424011230468750e+01
7.446655273437500000e+01
7.449107360839843750e+01
6.249187469482421875e+01
6.245960235595703125e+01
6.246996307373046875e+01
6.251286315917968750e+01
6.249246215820312500e+01
6.247395324707031250e+01
6.250027465820312500e+01
6.257131195068359375e+01
7.466973876953125000e+01
6.272746276855468750e+01
7.498701477050781250e+01
6.273945617675781250e+01
6.275469970703125000e+01
6.272290802001953125e+01
6.266519165039062500e+01
7.470994567871093750e+01
7.485536193847656250e+01
7.512207794189453125e+01
7.529648590087890625e+01
7.526795959472656250e+01
7.520343017578125000e+01
7.515345764160156250e+01
7.509608459472656250e+01
7.504327392578125000e+01
7.502793884277343750e+01
7.506895446777343750e+01
7.512548828125000000e+01
7.518799591064453125e+01
7.526452636718750000e+01
7.527030181884765625e+01
7.513921356201171875e+01
7.498046875000000000e+01
7.492839813232421875e+01
7.495845031738281250e+01
7.501663970947265625e+01
7.507487487792968750e+01
7.507390594482421875e+01
7.499497985839843750e+01
7.482949829101562500e+01
7.469969177246093750e+01
7.471499633789062500e+01
7.481352233886718750e+01
7.498286437988281250e+01
7.508157348632812500e+01
7.505494689941406250e+01
7.496188354492187500e+01
7.478536224365234375e+01
7.469023895263671875e+01
7.468562316894531250e+01
7.477948760986328125e+01
7.494602203369140625e+01
7.503334808349609375e+01
7.501374053955078125e+01
7.490724182128906250e+01
7.475555419921875000e+01
7.467627716064453125e+01
7.465829467773437500e+01
7.473904418945312500e+01
7.487061309814453125e+01
7.494812774658203125e+01
7.494093322753906250e+01
7.486521148681640625e+01
7.476307678222656250e+01
7.465928649902343750e+01
7.459095764160156250e+01
7.455310058593750000e+01
7.456147766113281250e+01
7.461710357666015625e+01
7.463998413085937500e+01
7.460974884033203125e+01
7.455888366699218750e+01
7.450847625732421875e+01
7.446685791015625000e+01
7.442363739013671875e+01
7.441324615478515625e+01
7.439837646484375000e+01
7.438260650634765625e+01
7.436177062988281250e+01
7.434885406494140625e+01
7.434317016601562500e+01
7.433586883544921875e+01
7.431433868408203125e+01
7.428408813476562500e+01
7.427088928222656250e+01
7.425563049316406250e+01
7.423474121093750000e+01
7.422438812255859375e+01
7.423122406005859375e+01
7.418351745605468750e+01
7.416305541992187500e+01
7.418566894531250000e+01
7.419234466552734375e+01
7.415072631835937500e+01
7.414347839355468750e+01
7.414849090576171875e+01
7.415003204345703125e+01
7.410576629638671875e+01
7.408137512207031250e+01
7.407736206054687500e+01
7.406230163574218750e+01
7.402918243408203125e+01
7.399000549316406250e+01
7.395563507080078125e+01
7.389904022216796875e+01
7.385443878173828125e+01
7.381385803222656250e+01
7.376871490478515625e+01
7.371484375000000000e+01
7.367838287353515625e+01
7.364616394042968750e+01
7.357810211181640625e+01
7.348265838623046875e+01
7.338759613037109375e+01
7.332383728027343750e+01
7.329589843750000000e+01
7.331305694580078125e+01
7.334764862060546875e+01
7.335128784179687500e+01
7.326384735107421875e+01
7.319882965087890625e+01
7.315856933593750000e+01
7.311756134033203125e+01
7.307245635986328125e+01
7.309403991699218750e+01
7.312893676757812500e+01
7.312512969970703125e+01
7.309671020507812500e+01
7.306538391113281250e+01
7.303392028808593750e+01
7.304170227050781250e+01
7.307353210449218750e+01
7.318529510498046875e+01
7.342347717285156250e+01
7.372779846191406250e+01
7.401452636718750000e+01
7.429492187500000000e+01
7.451074981689453125e+01
7.468479919433593750e+01
7.487445831298828125e+01
7.496670532226562500e+01
7.495996856689453125e+01
7.484309387207031250e+01
7.459992980957031250e+01
7.420326232910156250e+01
7.395815277099609375e+01
7.417169189453125000e+01
7.482040405273437500e+01
