7.489276885986328125e+01
6.453725433349609375e+01
6.250464630126953125e+01
6.232592773437500000e+01
6.229437255859375000e+01
6.228730773925781250e+01
6.231661224365234375e+01
6.231224060058593750e+01
6.233151245117187500e+01
6.231759643554687500e+01
6.227841186523437500e+01
6.229828643798828125e+01
6.233052825927734375e+01
6.236680603027343750e+01
6.239897155761718750e+01
6.240933990478515625e+01
6.238269042968750000e+01
6.237148284912109375e+01
6.237246704101562500e+01
6.232364654541015625e+01
6.222533416748046875e+01
6.211639404296875000e+01
6.203846740722656250e+01
6.200839233398437500e+01
6.201587677001953125e+01
6.199597167968750000e+01
6.196493530273437500e+01
6.195149993896484375e+01
6.198899841308593750e+01
6.198007202148437500e+01
6.185862731933593750e+01
6.180980682373046875e+01
6.185002899169921875e+01
6.179876708984375000e+01
6.174842834472656250e+01
6.175285339355468750e+01
6.183999633789062500e+01
6.195463562011718750e+01
6.189907073974609375e+01
6.181690979003906250e+01
6.199535369873046875e+01
6.354376220703125000e+01
6.464049530029296875e+01
6.469455718994140625e+01
6.461244964599609375e+01
6.419754028320312500e+01
6.214678955078125000e+01
6.171634674072265625e+01
6.162710571289062500e+01
6.174076843261718750e+01
6.349432373046875000e+01
6.440156555175781250e+01
6.445176696777343750e+01
6.432652282714843750e+01
6.301026916503906250e+01
6.180553436279296875e+01
6.180700683593750000e+01
6.203034210205078125e+01
6.414666748046875000e+01
6.488578796386718750e+01
6.488739776611328125e+01
6.278210449218750000e+01
6.231056976318359375e+01
6.233666992187500000e+01
6.235200500488281250e+01
6.246052551269531250e+01
7.610086822509765625e+01
6.575415039062500000e+01
7.762971496582031250e+01
5.022441864013671875e+01
6.221961975097656250e+01
6.215261840820312500e+01
6.210033416748046875e+01
8.209687042236328125e+01
8.347424316406250000e+01
8.339199829101562500e+01
8.198404693603515625e+01
6.224045562744140625e+01
6.226966857910156250e+01
6.231036376953125000e+01
6.234600067138671875e+01
8.193139648437500000e+01
5.967438507080078125e+01
8.299214935302734375e+01
5.008880996704101562e+01
6.204673004150390625e+01
6.201963806152343750e+01
6.207999420166015625e+01
8.218080139160156250e+01
6.461320495605468750e+01
6.463908386230468750e+01
8.298989868164062500e+01
8.151348876953125000e+01
6.222174072265625000e+01
6.225536346435546875e+01
5.026587295532226562e+01
4.561304473876953125e+01
4.557797241210937500e+01
7.092157745361328125e+01
6.205897521972656250e+01
6.203465270996093750e+01
6.200791931152343750e+01
6.199501037597656250e+01
6.203483581542968750e+01
5.894988250732421875e+01
4.547224044799804688e+01
4.992903900146484375e+01
6.204598236083984375e+01
6.209028625488281250e+01
6.211979675292968750e+01
6.220659637451171875e+01
6.533694458007812500e+01
6.526676940917968750e+01
7.692614746093750000e+01
6.219860839843750000e+01
6.214012908935546875e+01
6.215151214599609375e+01
6.215594482421875000e+01
6.224777221679687500e+01
6.248672485351562500e+01
4.548059463500976562e+01
6.214022827148437500e+01
6.202882385253906250e+01
6.198102569580078125e+01
6.196400451660156250e+01
6.196134185791015625e+01
8.981563568115234375e+01
8.984494781494140625e+01
8.983475494384765625e+01
8.978450775146484375e+01
7.772806549072265625e+01
7.065133666992187500e+01
7.064041900634765625e+01
4.528237152099609375e+01
6.450540924072265625e+01
4.977186584472656250e+01
6.190830993652343750e+01
6.187400817871093750e+01
6.184544372558593750e+01
6.197518920898437500e+01
6.411100769042968750e+01
6.446786499023437500e+01
6.448235321044921875e+01
6.412809753417968750e+01
7.617331695556640625e+01
7.666728210449218750e+01
7.665931701660156250e+01
7.603565979003906250e+01
7.408273315429687500e+01
6.185440063476562500e+01
7.387905120849609375e+01
7.386454010009765625e+01
7.383937072753906250e+01
7.447026824951171875e+01
7.631421661376953125e+01
7.661048126220703125e+01
7.630194091796875000e+01
7.447621154785156250e+01
6.175795745849609375e+01
6.172933959960937500e+01
7.374743652343750000e+01
7.423906707763671875e+01
7.596682739257812500e+01
6.446055603027343750e+01
6.427660369873046875e+01
7.443163299560546875e+01
6.172676849365234375e+01
6.169990539550781250e+01
6.169270324707031250e+01
6.168335723876953125e+01
6.163474273681640625e+01
6.177813720703125000e+01
6.345472717285156250e+01
6.429433441162109375e+01
6.426967620849609375e+01
6.369615173339843750e+01
6.183599853515625000e+01
6.164413452148437500e+01
6.165904998779296875e+01
6.170213317871093750e+01
6.172328186035156250e+01
6.174934387207031250e+01
6.183579254150390625e+01
6.193990325927734375e+01
6.195152282714843750e+01
6.191282653808593750e+01
6.196676635742187500e+01
6.197674560546875000e+01
6.196385955810546875e+01
6.204649353027343750e+01
