6.352452850341796875e+01
6.365684509277343750e+01
6.372869873046875000e+01
6.372071075439453125e+01
7.570004272460937500e+01
7.565693664550781250e+01
7.560411071777343750e+01
7.554847717285156250e+01
7.551519012451171875e+01
7.551383972167968750e+01
7.553027343750000000e+01
7.555595397949218750e+01
7.556654357910156250e+01
7.554907989501953125e+01
7.551244354248046875e+01
7.546623229980468750e+01
7.546093750000000000e+01
7.550444030761718750e+01
7.556776428222656250e+01
7.561250305175781250e+01
7.561347198486328125e+01
7.557709503173828125e+01
7.554451751708984375e+01
7.554515075683593750e+01
7.558181762695312500e+01
7.562875366210937500e+01
7.563744354248046875e+01
7.562397003173828125e+01
7.562270355224609375e+01
7.564446258544921875e+01
7.568242645263671875e+01
7.572850036621093750e+01
7.575639343261718750e+01
7.575449371337890625e+01
7.579199218750000000e+01
7.704540252685546875e+01
7.815408325195312500e+01
7.821441650390625000e+01
7.803301239013671875e+01
7.705148315429687500e+01
7.642549896240234375e+01
7.653089904785156250e+01
7.649037933349609375e+01
7.618647766113281250e+01
7.462557983398437500e+01
7.388403320312500000e+01
7.572429656982421875e+01
7.780665588378906250e+01
7.791549682617187500e+01
7.751483917236328125e+01
4.984331512451171875e+01
6.178305053710937500e+01
7.376210021972656250e+01
7.376538085937500000e+01
7.378241729736328125e+01
7.379892730712890625e+01
7.380994415283203125e+01
7.381807708740234375e+01
7.382941436767578125e+01
7.385113525390625000e+01
7.392433166503906250e+01
7.408243560791015625e+01
7.424424743652343750e+01
7.432500457763671875e+01
7.436795043945312500e+01
7.436847686767578125e+01
7.430948638916015625e+01
7.422389984130859375e+01
7.413693237304687500e+01
7.402261352539062500e+01
7.390154266357421875e+01
7.383824920654296875e+01
7.379473876953125000e+01
7.379105377197265625e+01
7.383065795898437500e+01
7.389556121826171875e+01
7.403472137451171875e+01
7.420495605468750000e+01
7.430466461181640625e+01
7.436841583251953125e+01
7.438877868652343750e+01
7.433751678466796875e+01
7.424250793457031250e+01
7.409885406494140625e+01
7.388261413574218750e+01
7.373988342285156250e+01
7.368012237548828125e+01
7.366613769531250000e+01
7.367743682861328125e+01
7.368652343750000000e+01
7.374094390869140625e+01
7.389212036132812500e+01
7.409147644042968750e+01
7.422769927978515625e+01
7.426686096191406250e+01
7.418811035156250000e+01
7.407058715820312500e+01
7.397277832031250000e+01
7.390827178955078125e+01
7.388930511474609375e+01
7.389968109130859375e+01
7.393761444091796875e+01
7.401345825195312500e+01
7.413919830322265625e+01
7.422468566894531250e+01
7.425934600830078125e+01
7.427770996093750000e+01
7.429612731933593750e+01
7.430460357666015625e+01
7.430285644531250000e+01
7.430412292480468750e+01
7.427813720703125000e+01
7.420654296875000000e+01
7.412440490722656250e+01
7.406207275390625000e+01
7.404138946533203125e+01
7.405070495605468750e+01
7.410989379882812500e+01
7.418820953369140625e+01
7.425860595703125000e+01
7.432859039306640625e+01
7.437945556640625000e+01
7.439302825927734375e+01
7.438187408447265625e+01
7.435252380371093750e+01
7.430037689208984375e+01
7.423683929443359375e+01
7.418067169189453125e+01
7.410983276367187500e+01
7.406056213378906250e+01
7.406061553955078125e+01
7.408206176757812500e+01
7.410411071777343750e+01
7.416226196289062500e+01
7.420899963378906250e+01
7.423499298095703125e+01
7.426042938232421875e+01
7.429605102539062500e+01
7.433190155029296875e+01
7.434945678710937500e+01
7.435818481445312500e+01
7.438180541992187500e+01
7.440817260742187500e+01
7.440890502929687500e+01
7.437943267822265625e+01
7.432125854492187500e+01
7.423777008056640625e+01
7.413938903808593750e+01
7.404786682128906250e+01
7.388962554931640625e+01
7.380576324462890625e+01
7.384049987792968750e+01
7.389627075195312500e+01
7.403405761718750000e+01
7.419528961181640625e+01
7.428571319580078125e+01
7.434100341796875000e+01
7.437223815917968750e+01
7.438079833984375000e+01
7.439096832275390625e+01
7.439098358154296875e+01
7.437274169921875000e+01
7.435569763183593750e+01
7.432112121582031250e+01
7.426434326171875000e+01
7.418412017822265625e+01
7.405822753906250000e+01
7.394355773925781250e+01
7.386070251464843750e+01
7.383332824707031250e+01
7.387561035156250000e+01
7.396382141113281250e+01
7.399871063232421875e+01
7.400840759277343750e+01
7.403781127929687500e+01
7.409299468994140625e+01
7.414000701904296875e+01
7.417208099365234375e+01
7.419794464111328125e+01
7.421873474121093750e+01
7.422988128662109375e+01
7.421621704101562500e+01
7.418518066406250000e+01
7.413249206542968750e+01
7.403981018066406250e+01
7.391728210449218750e+01
7.382564544677734375e+01
7.377484130859375000e+01
7.376751708984375000e+01
7.378240966796875000e+01
7.379377746582031250e+01
7.383591461181640625e+01
7.389788818359375000e+01
7.396295166015625000e+01
7.402453613281250000e+01
7.406770324707031250e+01
7.408748626708984375e+01
7.409075927734375000e+01
7.408749389648437500e+01
7.407740783691406250e+01
7.405674743652343750e+01
7.401934051513671875e+01
7.397777557373046875e+01
7.392926788330078125e+01
7.388387298583984375e+01
7.386178588867187500e+01
7.385531616210937500e+01
7.385216522216796875e+01
7.381037902832031250e+01
7.379004669189453125e+01
7.382169342041015625e+01
7.386422729492187500e+01
7.392459106445312500e+01
7.398597717285156250e+01
7.402992248535156250e+01
7.405828857421875000e+01
7.406945800781250000e+01
7.405507659912109375e+01
7.402215576171875000e+01
7.395764160156250000e+01
7.388025665283203125e+01
7.382438659667968750e+01
7.379202270507812500e+01
7.376006317138671875e+01
7.375581359863281250e+01
7.381095123291015625e+01
7.388352966308593750e+01
7.394203186035156250e+01
7.397650146484375000e+01
7.399522399902343750e+01
7.399636840820312500e+01
7.396168518066406250e+01
7.390221405029296875e+01
7.383765411376953125e+01
7.375847625732421875e+01
7.368077087402343750e+01
7.368779754638671875e+01
7.377207183837890625e+01
7.385845947265625000e+01
7.395694732666015625e+01
7.405817413330078125e+01
7.408585357666015625e+01
7.398196411132812500e+01
7.387101745605468750e+01
7.385659790039062500e+01
7.381229400634765625e+01
7.374637603759765625e+01
7.370298004150390625e+01
7.369753265380859375e+01
7.374038696289062500e+01
7.379929351806640625e+01
7.384178924560546875e+01
7.387927246093750000e+01
7.390039825439453125e+01
7.389164733886718750e+01
7.384719848632812500e+01
7.377711486816406250e+01
7.370613861083984375e+01
7.365377807617187500e+01
7.365725708007812500e+01
7.370668792724609375e+01
7.379052734375000000e+01
7.390798950195312500e+01
7.405666351318359375e+01
7.415622711181640625e+01
7.416069793701171875e+01
7.408474731445312500e+01
7.387161254882812500e+01
7.367987060546875000e+01
7.362004089355468750e+01
7.367714691162109375e+01
7.390814208984375000e+01
7.385823822021484375e+01
7.387240600585937500e+01
7.401184082031250000e+01
7.407971191406250000e+01
7.402723693847656250e+01
7.386140441894531250e+01
7.374771881103515625e+01
7.368368530273437500e+01
7.363603973388671875e+01
7.361917877197265625e+01
7.362528991699218750e+01
7.366309356689453125e+01
7.371114349365234375e+01
7.374454498291015625e+01
7.376898956298828125e+01
7.380545043945312500e+01
7.384132385253906250e+01
7.383882904052734375e+01
7.377742004394531250e+01
7.368885040283203125e+01
7.361521911621093750e+01
7.360699462890625000e+01
7.363154602050781250e+01
7.368164825439453125e+01
7.375627899169921875e+01
7.383970642089843750e+01
7.390526580810546875e+01
7.390071105957031250e+01
7.378952789306640625e+01
7.362879943847656250e+01
7.358828735351562500e+01
7.360598754882812500e+01
7.368916320800781250e+01
7.374857330322265625e+01
7.370415496826171875e+01
7.376524353027343750e+01
7.379354858398437500e+01
7.371275329589843750e+01
7.362890625000000000e+01
7.359327697753906250e+01
7.358742523193359375e+01
7.360567474365234375e+01
7.363598632812500000e+01
7.369577026367187500e+01
7.376705169677734375e+01
7.379903411865234375e+01
7.370889282226562500e+01
7.364500427246093750e+01
7.363269805908203125e+01
7.363529968261718750e+01
7.364561462402343750e+01
7.366905975341796875e+01
7.373110961914062500e+01
7.380786895751953125e+01
7.379260253906250000e+01
7.370458984375000000e+01
7.370296478271484375e+01
7.378507995605468750e+01
7.388677215576171875e+01
7.376742553710937500e+01
7.376454162597656250e+01
7.378031921386718750e+01
7.374574279785156250e+01
7.367269897460937500e+01
7.369235229492187500e+01
