6.135060882568359375e+01
6.129278564453125000e+01
6.139561462402343750e+01
6.141208648681640625e+01
6.135648345947265625e+01
6.124147796630859375e+01
6.112873840332031250e+01
6.131001281738281250e+01
6.145961761474609375e+01
6.152977752685546875e+01
6.158688354492187500e+01
6.161560058593750000e+01
6.161154937744140625e+01
6.160895538330078125e+01
6.164863586425781250e+01
6.169257354736328125e+01
6.171233367919921875e+01
6.170992279052734375e+01
6.170547485351562500e+01
6.171428680419921875e+01
6.173655700683593750e+01
6.177317810058593750e+01
7.380966186523437500e+01
7.381375122070312500e+01
7.378023529052734375e+01
7.375475311279296875e+01
7.377356719970703125e+01
7.382814788818359375e+01
7.386333465576171875e+01
7.385218811035156250e+01
7.381001281738281250e+01
7.376588439941406250e+01
7.377577209472656250e+01
7.382572174072265625e+01
7.386627197265625000e+01
7.390005493164062500e+01
7.390820312500000000e+01
7.388275146484375000e+01
7.383763122558593750e+01
7.380992126464843750e+01
7.384449005126953125e+01
7.391559600830078125e+01
7.396969604492187500e+01
7.399826812744140625e+01
7.398031616210937500e+01
7.392192077636718750e+01
7.389564514160156250e+01
7.390234375000000000e+01
7.391545104980468750e+01
7.392752075195312500e+01
7.392317199707031250e+01
7.388523864746093750e+01
7.385140991210937500e+01
7.384620666503906250e+01
7.385313415527343750e+01
7.388187408447265625e+01
7.393402099609375000e+01
7.394858551025390625e+01
7.393585205078125000e+01
7.391188049316406250e+01
7.388598632812500000e+01
7.389869689941406250e+01
7.393301391601562500e+01
7.397752380371093750e+01
7.396823120117187500e+01
7.391151428222656250e+01
7.387373352050781250e+01
7.385821533203125000e+01
7.386452484130859375e+01
7.391555786132812500e+01
7.398874664306640625e+01
7.399365997314453125e+01
7.392142486572265625e+01
7.386560058593750000e+01
7.385372924804687500e+01
7.385475158691406250e+01
7.384290313720703125e+01
7.381002807617187500e+01
7.376814270019531250e+01
7.374566650390625000e+01
7.374763488769531250e+01
7.375772857666015625e+01
7.376425170898437500e+01
7.376936340332031250e+01
7.378379821777343750e+01
7.379077911376953125e+01
7.378292083740234375e+01
7.378398895263671875e+01
7.377429199218750000e+01
7.376002502441406250e+01
7.375473785400390625e+01
7.376009368896484375e+01
7.378422546386718750e+01
7.379528045654296875e+01
7.378172302246093750e+01
7.376975250244140625e+01
7.376667785644531250e+01
7.376326751708984375e+01
7.376081848144531250e+01
7.377430725097656250e+01
7.380696105957031250e+01
7.381246185302734375e+01
7.378979492187500000e+01
7.377390289306640625e+01
7.377451324462890625e+01
7.377471923828125000e+01
7.378926086425781250e+01
7.381480407714843750e+01
7.380989074707031250e+01
7.378640747070312500e+01
7.376929473876953125e+01
7.375549316406250000e+01
7.374395751953125000e+01
7.374626159667968750e+01
7.376997375488281250e+01
7.380384826660156250e+01
7.379386901855468750e+01
7.375738525390625000e+01
7.372679138183593750e+01
7.370656585693359375e+01
7.370254516601562500e+01
7.372340393066406250e+01
7.375949096679687500e+01
7.378057861328125000e+01
7.376388549804687500e+01
7.373046875000000000e+01
7.370761108398437500e+01
7.369201660156250000e+01
7.368598937988281250e+01
7.371382904052734375e+01
7.376921844482421875e+01
7.380032348632812500e+01
7.378404235839843750e+01
7.374931335449218750e+01
7.374056243896484375e+01
7.375937652587890625e+01
7.380055236816406250e+01
7.386637115478515625e+01
7.393434143066406250e+01
7.397463226318359375e+01
7.394374084472656250e+01
7.391886901855468750e+01
7.393589019775390625e+01
7.396334075927734375e+01
7.400415802001953125e+01
7.405621337890625000e+01
7.416690063476562500e+01
7.438417053222656250e+01
7.432884979248046875e+01
7.437075042724609375e+01
7.423513031005859375e+01
6.249591827392578125e+01
6.244508361816406250e+01
6.237358093261718750e+01
6.232586669921875000e+01
6.229501342773437500e+01
7.376475524902343750e+01
7.379077911376953125e+01
7.383708190917968750e+01
7.368836212158203125e+01
