4.546049499511718750e+01
6.642121887207031250e+01
6.635011291503906250e+01
6.541709136962890625e+01
6.551699066162109375e+01
6.540264892578125000e+01
6.541119384765625000e+01
6.562152099609375000e+01
6.553327941894531250e+01
6.541909790039062500e+01
7.771228027343750000e+01
8.078353881835937500e+01
8.088785552978515625e+01
7.958769226074218750e+01
7.936677551269531250e+01
7.938460540771484375e+01
7.937058258056640625e+01
7.924904632568359375e+01
7.911300659179687500e+01
7.901649475097656250e+01
7.903672790527343750e+01
7.919606018066406250e+01
7.932656860351562500e+01
7.946833038330078125e+01
7.951830291748046875e+01
7.939132690429687500e+01
7.910598754882812500e+01
7.891501617431640625e+01
7.885348510742187500e+01
7.890994262695312500e+01
7.906124877929687500e+01
7.925999450683593750e+01
7.932341003417968750e+01
7.924540710449218750e+01
7.908566284179687500e+01
7.901898193359375000e+01
7.908001708984375000e+01
7.922302246093750000e+01
7.932534790039062500e+01
7.932686614990234375e+01
7.925483703613281250e+01
7.912070465087890625e+01
7.906878662109375000e+01
7.915238952636718750e+01
7.927911376953125000e+01
7.934375000000000000e+01
7.934917449951171875e+01
7.928353118896484375e+01
7.908805084228515625e+01
7.895079040527343750e+01
7.897303009033203125e+01
7.910979461669921875e+01
7.922645568847656250e+01
7.924739074707031250e+01
7.915494537353515625e+01
7.899134063720703125e+01
7.895128631591796875e+01
7.906694030761718750e+01
7.921343994140625000e+01
7.927605438232421875e+01
7.924452209472656250e+01
7.914852905273437500e+01
7.897463226318359375e+01
7.886709594726562500e+01
7.891088867187500000e+01
7.905032348632812500e+01
7.918986511230468750e+01
7.923640441894531250e+01
7.919527435302734375e+01
7.908674621582031250e+01
7.898591613769531250e+01
7.900719451904296875e+01
7.912541961669921875e+01
7.924013519287109375e+01
7.928730773925781250e+01
7.925774383544921875e+01
7.918287658691406250e+01
7.910626220703125000e+01
7.908273315429687500e+01
7.915052032470703125e+01
7.925654602050781250e+01
7.931521606445312500e+01
7.931843566894531250e+01
7.926922607421875000e+01
7.918060302734375000e+01
7.911516571044921875e+01
7.911338043212890625e+01
7.917840576171875000e+01
7.924407196044921875e+01
7.925654602050781250e+01
7.921784210205078125e+01
7.913624572753906250e+01
7.906863403320312500e+01
7.909544372558593750e+01
7.916165161132812500e+01
7.920932006835937500e+01
7.922019958496093750e+01
7.919090270996093750e+01
7.912933349609375000e+01
6.705317687988281250e+01
7.903146362304687500e+01
7.905886840820312500e+01
7.908448028564453125e+01
7.910818481445312500e+01
7.911712646484375000e+01
7.911405944824218750e+01
7.909886932373046875e+01
7.908258056640625000e+01
7.909431457519531250e+01
7.912734985351562500e+01
7.915647125244140625e+01
7.916847991943359375e+01
7.915027618408203125e+01
7.912805938720703125e+01
7.911686706542968750e+01
7.910282897949218750e+01
7.909198760986328125e+01
7.908099365234375000e+01
7.904039764404296875e+01
7.893273162841796875e+01
7.882135009765625000e+01
7.875862121582031250e+01
7.873084259033203125e+01
7.873383331298828125e+01
7.878097534179687500e+01
7.887556457519531250e+01
7.898774719238281250e+01
7.908314514160156250e+01
7.915685272216796875e+01
7.921607971191406250e+01
7.925675201416015625e+01
7.926512908935546875e+01
7.922177124023437500e+01
7.908942413330078125e+01
7.889514160156250000e+01
7.888119506835937500e+01
7.898950195312500000e+01
7.915921020507812500e+01
7.928030395507812500e+01
7.928981018066406250e+01
7.921110534667968750e+01
7.903982543945312500e+01
7.881268310546875000e+01
7.875445556640625000e+01
7.881544494628906250e+01
7.896549224853515625e+01
7.911035919189453125e+01
7.918114471435546875e+01
7.918177032470703125e+01
7.910597229003906250e+01
7.894001007080078125e+01
7.879860687255859375e+01
7.877075958251953125e+01
7.877214050292968750e+01
7.880523681640625000e+01
7.890483093261718750e+01
7.975102996826171875e+01
8.097261047363281250e+01
8.115934753417968750e+01
8.079504394531250000e+01
7.953308868408203125e+01
7.925223541259765625e+01
7.921724700927734375e+01
7.913569641113281250e+01
7.922578430175781250e+01
8.025081634521484375e+01
8.061114501953125000e+01
7.955830383300781250e+01
7.739353942871093750e+01
7.718045806884765625e+01
7.737837219238281250e+01
7.844486999511718750e+01
7.887111663818359375e+01
7.887184906005859375e+01
7.887123107910156250e+01
7.893030548095703125e+01
7.945316314697265625e+01
7.973597717285156250e+01
7.904639434814453125e+01
7.899609375000000000e+01
7.906680297851562500e+01
7.916696166992187500e+01
7.925910949707031250e+01
7.918772125244140625e+01
7.892023468017578125e+01
7.871199035644531250e+01
7.862557220458984375e+01
7.867500305175781250e+01
7.886790466308593750e+01
7.916183471679687500e+01
7.938041687011718750e+01
7.938677978515625000e+01
7.914659118652343750e+01
7.872476196289062500e+01
7.860017395019531250e+01
7.868644714355468750e+01
7.901261901855468750e+01
7.924897766113281250e+01
7.932435607910156250e+01
7.955550384521484375e+01
8.144486999511718750e+01
6.152909851074218750e+01
