6.240908813476562500e+01
6.239132690429687500e+01
6.225857543945312500e+01
6.222003173828125000e+01
6.226259613037109375e+01
6.234372711181640625e+01
6.237779235839843750e+01
6.252124023437500000e+01
6.239529418945312500e+01
6.227365112304687500e+01
6.226406860351562500e+01
6.224201965332031250e+01
6.220204925537109375e+01
6.216366577148437500e+01
6.219979858398437500e+01
6.227731323242187500e+01
6.236363220214843750e+01
6.240386962890625000e+01
6.239971923828125000e+01
6.238802337646484375e+01
6.236893463134765625e+01
6.235174560546875000e+01
6.235671997070312500e+01
6.237814331054687500e+01
6.238890075683593750e+01
6.238711547851562500e+01
6.240057373046875000e+01
6.243600463867187500e+01
6.242654418945312500e+01
6.241416931152343750e+01
6.235561370849609375e+01
6.229692077636718750e+01
6.227038574218750000e+01
6.226078033447265625e+01
6.227158355712890625e+01
6.229495239257812500e+01
6.231446838378906250e+01
6.232775878906250000e+01
6.234863281250000000e+01
6.237448120117187500e+01
6.239208221435546875e+01
6.240048217773437500e+01
6.242031860351562500e+01
6.241400909423828125e+01
6.241675567626953125e+01
8.664249420166015625e+01
8.688879394531250000e+01
8.695805358886718750e+01
8.688287353515625000e+01
8.655371856689453125e+01
8.632524871826171875e+01
8.623477172851562500e+01
8.615389251708984375e+01
8.609731292724609375e+01
7.407749176025390625e+01
8.624258422851562500e+01
8.639571380615234375e+01
8.625431823730468750e+01
6.206274414062500000e+01
6.207638549804687500e+01
6.204183959960937500e+01
6.200062561035156250e+01
6.218608856201171875e+01
6.466163635253906250e+01
6.475260162353515625e+01
6.440436553955078125e+01
6.227639770507812500e+01
6.211012268066406250e+01
6.204376220703125000e+01
6.211095428466796875e+01
7.536015319824218750e+01
7.714749145507812500e+01
7.731353759765625000e+01
7.731009674072265625e+01
7.712181854248046875e+01
6.222983551025390625e+01
6.224726867675781250e+01
6.225334930419921875e+01
6.227485656738281250e+01
6.233957672119140625e+01
6.229356384277343750e+01
9.015268707275390625e+01
6.228118896484375000e+01
6.227629089355468750e+01
6.221865844726562500e+01
6.216017913818359375e+01
7.797169494628906250e+01
7.792050170898437500e+01
7.787764739990234375e+01
7.781979370117187500e+01
6.201143646240234375e+01
6.204854583740234375e+01
6.210714721679687500e+01
7.438355255126953125e+01
5.307504272460937500e+01
7.658889007568359375e+01
7.607429504394531250e+01
6.206503295898437500e+01
6.208328247070312500e+01
6.219972229003906250e+01
7.507075500488281250e+01
5.330802917480468750e+01
6.517526245117187500e+01
7.627948760986328125e+01
6.208659362792968750e+01
6.207049560546875000e+01
6.210682678222656250e+01
6.214522552490234375e+01
7.435679626464843750e+01
7.504484558105468750e+01
5.310022735595703125e+01
6.500049591064453125e+01
6.484217834472656250e+01
7.648243713378906250e+01
7.549599456787109375e+01
6.205967712402343750e+01
6.200180053710937500e+01
7.396533203125000000e+01
7.395555877685546875e+01
7.421417999267578125e+01
7.632244873046875000e+01
7.683812713623046875e+01
7.676262664794921875e+01
7.640502929687500000e+01
7.454898071289062500e+01
6.186033630371093750e+01
6.190056610107421875e+01
7.394755554199218750e+01
7.434857177734375000e+01
7.620780181884765625e+01
7.666006469726562500e+01
7.650989532470703125e+01
7.522779846191406250e+01
6.190376281738281250e+01
7.390756225585937500e+01
7.391492462158203125e+01
7.389383697509765625e+01
7.385415649414062500e+01
7.384304809570312500e+01
7.420986938476562500e+01
7.612178039550781250e+01
7.673742675781250000e+01
7.674121093750000000e+01
7.625489807128906250e+01
7.443330383300781250e+01
6.186991119384765625e+01
7.379060363769531250e+01
7.377387237548828125e+01
7.378309631347656250e+01
7.393180084228515625e+01
7.526101684570312500e+01
7.653861236572265625e+01
7.655312347412109375e+01
7.542010498046875000e+01
6.182949829101562500e+01
6.182325744628906250e+01
6.186170196533203125e+01
6.187578582763671875e+01
6.183792114257812500e+01
6.175731658935546875e+01
6.170038604736328125e+01
6.168074798583984375e+01
6.171562957763671875e+01
6.180442810058593750e+01
6.196842193603515625e+01
7.504006195068359375e+01
6.465424346923828125e+01
6.486705017089843750e+01
6.437203979492187500e+01
6.206112670898437500e+01
6.169972229003906250e+01
6.162617492675781250e+01
6.157666778564453125e+01
6.160504150390625000e+01
6.165749359130859375e+01
6.175292968750000000e+01
6.185498046875000000e+01
6.187759399414062500e+01
6.185330200195312500e+01
6.189694213867187500e+01
6.338183593750000000e+01
6.448959350585937500e+01
6.451726531982421875e+01
6.441027069091796875e+01
6.401319885253906250e+01
6.197251129150390625e+01
6.155806732177734375e+01
6.171724700927734375e+01
6.185572814941406250e+01
6.194386291503906250e+01
6.190460968017578125e+01
6.171556091308593750e+01
6.157463073730468750e+01
6.149209594726562500e+01
6.145079040527343750e+01
6.151676940917968750e+01
6.171165466308593750e+01
6.188671875000000000e+01
6.197157287597656250e+01
6.222138214111328125e+01
6.383489227294921875e+01
6.441703033447265625e+01
6.428457641601562500e+01
6.419799804687500000e+01
6.393492889404296875e+01
6.237262725830078125e+01
6.183666992187500000e+01
6.201310729980468750e+01
6.202787017822265625e+01
6.193039703369140625e+01
6.143406677246093750e+01
6.137446594238281250e+01
6.141255187988281250e+01
6.159420013427734375e+01
6.180516052246093750e+01
6.192808532714843750e+01
6.190555572509765625e+01
6.173091125488281250e+01
6.145625305175781250e+01
6.127661895751953125e+01
6.127690887451171875e+01
6.141449737548828125e+01
6.164619445800781250e+01
6.178529357910156250e+01
6.182449340820312500e+01
6.171471405029296875e+01
6.148415374755859375e+01
6.134338378906250000e+01
6.132205963134765625e+01
6.140486907958984375e+01
6.157693481445312500e+01
6.172447204589843750e+01
6.172508239746093750e+01
6.162380981445312500e+01
6.243967437744140625e+01
6.384339141845703125e+01
6.416058349609375000e+01
6.435774230957031250e+01
6.437669372558593750e+01
6.327956390380859375e+01
6.147474670410156250e+01
6.126295471191406250e+01
6.118657684326171875e+01
6.116380310058593750e+01
6.123799896240234375e+01
6.140925598144531250e+01
6.150862121582031250e+01
