7.109204864501953125e+01
7.097980499267578125e+01
8.333401489257812500e+01
7.198552703857421875e+01
7.198803710937500000e+01
8.380497741699218750e+01
5.025154113769531250e+01
6.926190948486328125e+01
6.920806884765625000e+01
6.922834014892578125e+01
6.927233123779296875e+01
6.929753875732421875e+01
6.935841369628906250e+01
6.947638702392578125e+01
6.945410919189453125e+01
6.941847229003906250e+01
6.937695312500000000e+01
6.933434295654296875e+01
6.931011962890625000e+01
6.929316711425781250e+01
6.928504180908203125e+01
6.928639221191406250e+01
6.929019165039062500e+01
6.933729553222656250e+01
6.940628814697265625e+01
6.936022186279296875e+01
6.922058105468750000e+01
7.015235900878906250e+01
7.023168945312500000e+01
7.007551574707031250e+01
7.000896453857421875e+01
7.001944732666015625e+01
6.994927215576171875e+01
7.003269958496093750e+01
7.009902954101562500e+01
7.006352233886718750e+01
7.000976562500000000e+01
6.998632812500000000e+01
6.999082946777343750e+01
6.998620605468750000e+01
6.997517395019531250e+01
8.197265625000000000e+01
8.197605133056640625e+01
8.199689483642578125e+01
8.202375030517578125e+01
8.205026245117187500e+01
8.207337951660156250e+01
7.008659362792968750e+01
7.009465026855468750e+01
7.006359863281250000e+01
6.996810150146484375e+01
6.999010467529296875e+01
7.006127166748046875e+01
7.009988403320312500e+01
7.010569763183593750e+01
7.009336090087890625e+01
7.018772888183593750e+01
7.038064575195312500e+01
7.047662353515625000e+01
7.050367736816406250e+01
7.075836181640625000e+01
7.064160156250000000e+01
7.055041503906250000e+01
7.045513916015625000e+01
7.032258605957031250e+01
7.024983215332031250e+01
7.018242645263671875e+01
7.012227630615234375e+01
7.008931732177734375e+01
7.010629272460937500e+01
7.015101623535156250e+01
7.019681549072265625e+01
7.024855041503906250e+01
7.028101348876953125e+01
7.033490753173828125e+01
7.068799591064453125e+01
7.090355682373046875e+01
7.065534973144531250e+01
7.065986633300781250e+01
7.055234527587890625e+01
7.044870758056640625e+01
7.044969940185546875e+01
7.044268798828125000e+01
7.033443450927734375e+01
7.025147247314453125e+01
7.018202209472656250e+01
7.016548919677734375e+01
7.016195678710937500e+01
7.016882324218750000e+01
7.024362182617187500e+01
7.032162475585937500e+01
7.039347839355468750e+01
7.040341186523437500e+01
7.045114898681640625e+01
7.063327789306640625e+01
7.064791870117187500e+01
7.049342346191406250e+01
7.050413513183593750e+01
7.062242889404296875e+01
7.061285400390625000e+01
7.056008911132812500e+01
7.049603271484375000e+01
7.042341613769531250e+01
7.037107849121093750e+01
7.032817077636718750e+01
7.030422210693359375e+01
7.029682922363281250e+01
7.030500793457031250e+01
7.032336425781250000e+01
7.033918762207031250e+01
7.033599090576171875e+01
7.038594055175781250e+01
7.052163696289062500e+01
7.056345367431640625e+01
7.054004669189453125e+01
7.048199462890625000e+01
7.039028167724609375e+01
7.028852844238281250e+01
7.022927856445312500e+01
7.018292999267578125e+01
7.016049194335937500e+01
7.015666961669921875e+01
7.016623687744140625e+01
7.017946624755859375e+01
7.017788696289062500e+01
7.016416168212890625e+01
7.015007781982421875e+01
7.013138580322265625e+01
7.013982391357421875e+01
7.028538513183593750e+01
7.043869018554687500e+01
7.044476318359375000e+01
7.039233398437500000e+01
7.030821990966796875e+01
7.023336791992187500e+01
7.018344879150390625e+01
7.012864685058593750e+01
7.010007476806640625e+01
7.008375549316406250e+01
7.009170532226562500e+01
7.012565612792968750e+01
7.016415405273437500e+01
7.017204284667968750e+01
7.014351654052734375e+01
7.013301086425781250e+01
7.014295196533203125e+01
7.013999938964843750e+01
7.012498474121093750e+01
7.013138580322265625e+01
7.015105438232421875e+01
7.023899841308593750e+01
7.032612609863281250e+01
7.033907318115234375e+01
7.030068206787109375e+01
7.031587219238281250e+01
7.031604766845703125e+01
7.028679656982421875e+01
7.022128295898437500e+01
7.016149902343750000e+01
7.009531402587890625e+01
7.009210968017578125e+01
7.012805175781250000e+01
7.014315795898437500e+01
7.014926147460937500e+01
7.012686920166015625e+01
7.010446166992187500e+01
7.011096954345703125e+01
7.010833740234375000e+01
7.007644653320312500e+01
7.006211853027343750e+01
7.012377929687500000e+01
7.022836303710937500e+01
7.025016784667968750e+01
7.022428894042968750e+01
7.017446899414062500e+01
7.013123321533203125e+01
7.008658599853515625e+01
7.008017730712890625e+01
7.005967712402343750e+01
7.001416015625000000e+01
6.997001647949218750e+01
6.995152282714843750e+01
6.994117736816406250e+01
6.993080139160156250e+01
6.993080902099609375e+01
6.993844604492187500e+01
6.994757843017578125e+01
6.995468139648437500e+01
6.995600128173828125e+01
6.995639801025390625e+01
6.993916320800781250e+01
6.993181610107421875e+01
6.998243713378906250e+01
7.007937622070312500e+01
7.018457031250000000e+01
7.022975158691406250e+01
7.023011016845703125e+01
7.023412322998046875e+01
7.017761230468750000e+01
7.007255554199218750e+01
7.004029846191406250e+01
7.000311279296875000e+01
6.998016357421875000e+01
6.996649932861328125e+01
6.996426391601562500e+01
6.999002838134765625e+01
7.001791381835937500e+01
7.004280090332031250e+01
7.008218383789062500e+01
7.012792968750000000e+01
7.015693664550781250e+01
7.015922546386718750e+01
7.019286346435546875e+01
7.027836608886718750e+01
7.032352447509765625e+01
7.033032226562500000e+01
7.032085418701171875e+01
7.028688049316406250e+01
7.025268554687500000e+01
7.021861267089843750e+01
7.015144348144531250e+01
7.000077819824218750e+01
6.993948364257812500e+01
6.997052764892578125e+01
7.004422760009765625e+01
7.013164520263671875e+01
7.019931030273437500e+01
