6.792388153076171875e+01
5.947042465209960938e+01
5.935905456542968750e+01
5.925908660888671875e+01
7.822644042968750000e+01
7.826589965820312500e+01
7.826109313964843750e+01
7.821961975097656250e+01
7.817639160156250000e+01
7.814178466796875000e+01
7.812384033203125000e+01
7.813035583496093750e+01
7.814519500732421875e+01
7.816177368164062500e+01
7.818170166015625000e+01
7.819421386718750000e+01
7.819058227539062500e+01
7.816275787353515625e+01
7.811872863769531250e+01
7.809719085693359375e+01
7.809983825683593750e+01
7.812509155273437500e+01
7.815585327148437500e+01
7.816477203369140625e+01
7.813977050781250000e+01
7.809641265869140625e+01
7.807728576660156250e+01
7.807776641845703125e+01
7.809872436523437500e+01
7.815093994140625000e+01
7.817927551269531250e+01
7.817082214355468750e+01
7.813871765136718750e+01
7.810105133056640625e+01
7.808860015869140625e+01
7.810192871093750000e+01
7.813234710693359375e+01
7.818489074707031250e+01
7.821676635742187500e+01
7.822373962402343750e+01
7.820507049560546875e+01
7.817926788330078125e+01
7.818376159667968750e+01
7.821102142333984375e+01
7.823262786865234375e+01
7.824028015136718750e+01
7.824629974365234375e+01
7.825008392333984375e+01
7.824294281005859375e+01
7.824550628662109375e+01
7.826473999023437500e+01
7.828834533691406250e+01
7.832942199707031250e+01
7.836806488037109375e+01
7.835777282714843750e+01
7.832803344726562500e+01
7.829841613769531250e+01
7.830191040039062500e+01
7.838616943359375000e+01
7.854889678955078125e+01
7.870512390136718750e+01
7.886271667480468750e+01
7.898951721191406250e+01
7.905865478515625000e+01
7.908704376220703125e+01
7.911882019042968750e+01
7.915026092529296875e+01
7.918316650390625000e+01
7.920621490478515625e+01
7.922573852539062500e+01
7.923407745361328125e+01
7.923580932617187500e+01
7.923785400390625000e+01
7.925311279296875000e+01
7.928759002685546875e+01
7.932726287841796875e+01
7.936981964111328125e+01
7.941786193847656250e+01
7.948225402832031250e+01
7.953939056396484375e+01
7.958613586425781250e+01
7.962877655029296875e+01
7.966547393798828125e+01
7.967917633056640625e+01
7.969831848144531250e+01
7.973461914062500000e+01
7.976572418212890625e+01
7.978580474853515625e+01
7.979737854003906250e+01
7.980774688720703125e+01
7.983456420898437500e+01
7.987993621826171875e+01
7.992803192138671875e+01
7.996688842773437500e+01
8.000105285644531250e+01
8.002620697021484375e+01
8.003980255126953125e+01
8.006896972656250000e+01
8.014189910888671875e+01
8.022673034667968750e+01
8.032982635498046875e+01
8.045967102050781250e+01
8.054856872558593750e+01
8.058635711669921875e+01
8.065086364746093750e+01
8.072418212890625000e+01
8.073616790771484375e+01
8.075099182128906250e+01
8.080166625976562500e+01
8.084542846679687500e+01
8.088681030273437500e+01
8.092974853515625000e+01
8.094065856933593750e+01
8.091897583007812500e+01
8.088508605957031250e+01
8.088567352294921875e+01
8.092004394531250000e+01
8.095483398437500000e+01
8.097159576416015625e+01
8.097219848632812500e+01
8.096205902099609375e+01
8.096468353271484375e+01
8.096260833740234375e+01
8.096086120605468750e+01
8.096139526367187500e+01
8.094640350341796875e+01
8.093814849853515625e+01
8.093055725097656250e+01
8.093950653076171875e+01
8.097846984863281250e+01
8.103495788574218750e+01
5.302034759521484375e+01
5.301882171630859375e+01
5.301443481445312500e+01
5.301977539062500000e+01
5.303358078002929688e+01
5.304520797729492188e+01
5.306397628784179688e+01
5.004671859741210938e+01
5.019863891601562500e+01
5.032851791381835938e+01
5.042241668701171875e+01
8.192510986328125000e+01
8.195573425292968750e+01
8.189280700683593750e+01
8.179986572265625000e+01
8.177066802978515625e+01
8.180201721191406250e+01
8.184072113037109375e+01
8.189215850830078125e+01
8.195361328125000000e+01
8.199673461914062500e+01
8.199864959716796875e+01
8.198214721679687500e+01
8.199114990234375000e+01
8.199232482910156250e+01
8.200897979736328125e+01
8.204945373535156250e+01
8.207870483398437500e+01
8.211920166015625000e+01
8.214968872070312500e+01
8.216763305664062500e+01
8.218885803222656250e+01
8.222976684570312500e+01
8.227700805664062500e+01
8.231345367431640625e+01
8.233177185058593750e+01
7.033773803710937500e+01
7.037144470214843750e+01
7.040551757812500000e+01
8.245555877685546875e+01
7.048844909667968750e+01
7.054589843750000000e+01
7.059495544433593750e+01
7.061496734619140625e+01
7.064480590820312500e+01
8.269058227539062500e+01
8.274287414550781250e+01
8.280028533935546875e+01
8.284150695800781250e+01
8.285520172119140625e+01
8.284490966796875000e+01
8.283607482910156250e+01
8.284377288818359375e+01
8.286639404296875000e+01
8.290126037597656250e+01
8.295990753173828125e+01
8.304058837890625000e+01
8.311233520507812500e+01
8.316107940673828125e+01
8.317640686035156250e+01
8.320372772216796875e+01
8.322389221191406250e+01
8.324571228027343750e+01
8.326654815673828125e+01
8.329402923583984375e+01
8.332395935058593750e+01
8.334266662597656250e+01
8.335490417480468750e+01
8.337287902832031250e+01
8.340827941894531250e+01
8.344407653808593750e+01
8.347995758056640625e+01
8.350479125976562500e+01
8.351548004150390625e+01
8.353155517578125000e+01
8.355989074707031250e+01
8.359406280517578125e+01
8.362361145019531250e+01
8.364775848388671875e+01
8.368132019042968750e+01
8.371391296386718750e+01
8.373697662353515625e+01
8.375318145751953125e+01
8.377178955078125000e+01
8.378665161132812500e+01
8.380015563964843750e+01
8.381875610351562500e+01
8.384822082519531250e+01
8.389265441894531250e+01
7.192807006835937500e+01
7.196163177490234375e+01
7.198808288574218750e+01
7.201937103271484375e+01
8.406235504150390625e+01
7.208251190185546875e+01
7.213201904296875000e+01
7.219312286376953125e+01
8.425569152832031250e+01
8.426979064941406250e+01
8.429765319824218750e+01
8.432746887207031250e+01
8.435582733154296875e+01
8.439151000976562500e+01
8.443582916259765625e+01
8.449499511718750000e+01
8.455578613281250000e+01
8.461101531982421875e+01
8.466871643066406250e+01
8.470328521728515625e+01
8.472900390625000000e+01
8.477249145507812500e+01
8.485725402832031250e+01
7.305839538574218750e+01
7.346268463134765625e+01
7.389671325683593750e+01
7.396464538574218750e+01
7.401695251464843750e+01
7.399558258056640625e+01
7.401472473144531250e+01
7.409120941162109375e+01
7.418666076660156250e+01
7.414425659179687500e+01
6.203495788574218750e+01
6.209478759765625000e+01
5.496434783935546875e+01
6.643852996826171875e+01
6.868074798583984375e+01
8.043750000000000000e+01
8.018995666503906250e+01
7.987854003906250000e+01
7.978730010986328125e+01
7.967286682128906250e+01
7.976542663574218750e+01
7.941566467285156250e+01
