5.703440856933593750e+01
5.705749511718750000e+01
6.909612274169921875e+01
6.701368713378906250e+01
6.692844390869140625e+01
6.697476196289062500e+01
6.710515594482421875e+01
6.707724761962890625e+01
6.705187988281250000e+01
7.906783294677734375e+01
7.908051300048828125e+01
7.913483428955078125e+01
7.981340789794921875e+01
8.153858947753906250e+01
8.015155029296875000e+01
7.920695495605468750e+01
7.921505737304687500e+01
7.927525329589843750e+01
7.931860351562500000e+01
7.932181549072265625e+01
7.926727294921875000e+01
7.916478729248046875e+01
7.906994628906250000e+01
7.903800964355468750e+01
7.909579467773437500e+01
7.923602294921875000e+01
7.943122863769531250e+01
7.951164245605468750e+01
7.946476745605468750e+01
7.931557464599609375e+01
7.912371826171875000e+01
7.896907806396484375e+01
7.895399475097656250e+01
7.911047363281250000e+01
7.993051910400390625e+01
8.107962799072265625e+01
8.115995788574218750e+01
8.081678771972656250e+01
7.928652954101562500e+01
7.868359375000000000e+01
7.875477600097656250e+01
7.892073822021484375e+01
7.898261260986328125e+01
7.873445892333984375e+01
7.816397094726562500e+01
7.787519073486328125e+01
7.778104400634765625e+01
7.778497314453125000e+01
7.787411499023437500e+01
7.798522949218750000e+01
7.816183471679687500e+01
7.834567260742187500e+01
7.849183654785156250e+01
7.874281311035156250e+01
8.000176239013671875e+01
8.053672790527343750e+01
7.933104705810546875e+01
7.880573272705078125e+01
7.895255279541015625e+01
7.908588409423828125e+01
7.919429016113281250e+01
7.928875732421875000e+01
7.932584381103515625e+01
7.930197143554687500e+01
7.924504852294921875e+01
7.918401336669921875e+01
7.916049957275390625e+01
7.918585968017578125e+01
7.925011444091796875e+01
7.932578277587890625e+01
7.939064025878906250e+01
7.944170379638671875e+01
7.945713806152343750e+01
7.941615295410156250e+01
7.937872314453125000e+01
7.936430358886718750e+01
7.936962127685546875e+01
7.939057922363281250e+01
7.939559173583984375e+01
7.936109161376953125e+01
7.928136444091796875e+01
7.895886230468750000e+01
7.790655517578125000e+01
7.714769744873046875e+01
7.718186187744140625e+01
7.733751678466796875e+01
7.826000213623046875e+01
5.051365661621093750e+01
6.936327362060546875e+01
6.933872985839843750e+01
6.937699890136718750e+01
8.106884765625000000e+01
6.193126678466796875e+01
6.189778137207031250e+01
8.089066314697265625e+01
6.184671020507812500e+01
6.186165618896484375e+01
6.188172912597656250e+01
6.187853240966796875e+01
6.187899780273437500e+01
6.188526153564453125e+01
6.189957427978515625e+01
6.195086669921875000e+01
6.200608062744140625e+01
6.206582641601562500e+01
7.410990905761718750e+01
7.414575958251953125e+01
7.417742919921875000e+01
7.420782470703125000e+01
7.425061035156250000e+01
7.431785583496093750e+01
7.440895080566406250e+01
6.248857116699218750e+01
6.244387817382812500e+01
6.243176269531250000e+01
7.450255584716796875e+01
7.459084320068359375e+01
7.465032958984375000e+01
7.475188446044921875e+01
7.477473449707031250e+01
7.478669738769531250e+01
7.458266448974609375e+01
7.440125274658203125e+01
7.443194580078125000e+01
7.478102111816406250e+01
