7.183405303955078125e+01
5.797456359863281250e+01
5.014823150634765625e+01
6.223805999755859375e+01
6.226361083984375000e+01
6.219564056396484375e+01
6.219233703613281250e+01
6.215907287597656250e+01
6.213934326171875000e+01
6.215082550048828125e+01
6.214477539062500000e+01
6.217508697509765625e+01
6.216639709472656250e+01
6.216770172119140625e+01
6.217756652832031250e+01
6.216783142089843750e+01
6.213864135742187500e+01
6.213311004638671875e+01
6.214293670654296875e+01
6.214775848388671875e+01
6.219010925292968750e+01
6.229190826416015625e+01
6.237054443359375000e+01
6.238585662841796875e+01
6.238525390625000000e+01
6.238794708251953125e+01
6.238852691650390625e+01
6.239942932128906250e+01
6.242356872558593750e+01
6.241802215576171875e+01
6.237981414794921875e+01
6.234760284423828125e+01
6.227259063720703125e+01
6.234162902832031250e+01
6.239543151855468750e+01
6.237049102783203125e+01
6.233695983886718750e+01
6.238264465332031250e+01
6.240196990966796875e+01
6.235343933105468750e+01
6.231278991699218750e+01
6.229692840576171875e+01
6.228002929687500000e+01
6.227037811279296875e+01
6.227266693115234375e+01
6.228662872314453125e+01
6.229694366455078125e+01
6.231132507324218750e+01
6.231059265136718750e+01
6.230323791503906250e+01
6.229190063476562500e+01
6.228321838378906250e+01
6.223017883300781250e+01
6.220922851562500000e+01
6.221656799316406250e+01
6.224202728271484375e+01
6.222736358642578125e+01
6.216850280761718750e+01
6.213328552246093750e+01
6.210545349121093750e+01
8.611627960205078125e+01
6.208206939697265625e+01
6.207707977294921875e+01
6.207882690429687500e+01
6.207765197753906250e+01
6.206523895263671875e+01
6.205010986328125000e+01
6.203139495849609375e+01
6.201879882812500000e+01
6.205934906005859375e+01
6.210321044921875000e+01
6.209094238281250000e+01
6.208603668212890625e+01
6.211727905273437500e+01
6.209821319580078125e+01
6.208690643310546875e+01
6.207257843017578125e+01
6.202725219726562500e+01
6.201268005371093750e+01
6.201325988769531250e+01
6.205843353271484375e+01
6.210485076904296875e+01
6.209694671630859375e+01
6.210047912597656250e+01
6.209606933593750000e+01
6.208206176757812500e+01
6.209092712402343750e+01
6.209643554687500000e+01
6.208777618408203125e+01
6.207674407958984375e+01
6.207483673095703125e+01
6.209428405761718750e+01
6.210806274414062500e+01
6.212309265136718750e+01
6.213068389892578125e+01
6.212380218505859375e+01
6.210629272460937500e+01
6.209548950195312500e+01
7.407732391357421875e+01
7.406384277343750000e+01
6.206644439697265625e+01
6.207265472412109375e+01
6.208947753906250000e+01
6.211227416992187500e+01
6.212610626220703125e+01
6.210699462890625000e+01
6.208573913574218750e+01
6.207696533203125000e+01
6.207498931884765625e+01
6.206874084472656250e+01
6.206501007080078125e+01
6.206028747558593750e+01
6.204925537109375000e+01
6.204673004150390625e+01
6.204791259765625000e+01
6.204994201660156250e+01
6.205039978027343750e+01
6.205177307128906250e+01
6.205304718017578125e+01
6.205023193359375000e+01
7.404119873046875000e+01
7.402978515625000000e+01
7.402037048339843750e+01
7.401367187500000000e+01
6.200518035888671875e+01
6.200021362304687500e+01
6.199217987060546875e+01
7.398086547851562500e+01
7.397260284423828125e+01
7.396598815917968750e+01
7.395156860351562500e+01
7.394627380371093750e+01
7.395864868164062500e+01
7.396360778808593750e+01
7.395932769775390625e+01
7.394429779052734375e+01
7.392788696289062500e+01
7.391689300537109375e+01
7.391923522949218750e+01
6.192919921875000000e+01
7.393081665039062500e+01
7.392482757568359375e+01
7.390715789794921875e+01
7.388785552978515625e+01
7.388604736328125000e+01
7.389923095703125000e+01
7.390583801269531250e+01
7.389945220947265625e+01
7.390062713623046875e+01
7.390946960449218750e+01
7.390888977050781250e+01
7.388676452636718750e+01
7.385635375976562500e+01
7.383821105957031250e+01
7.382288360595703125e+01
7.380396270751953125e+01
7.379674530029296875e+01
7.379570770263671875e+01
7.378467559814453125e+01
7.376959228515625000e+01
7.375892639160156250e+01
7.375739288330078125e+01
7.375647735595703125e+01
7.375127410888671875e+01
7.374014282226562500e+01
7.373327636718750000e+01
7.373395538330078125e+01
7.373704528808593750e+01
7.373138427734375000e+01
7.372857666015625000e+01
7.372259521484375000e+01
7.370816802978515625e+01
7.369596862792968750e+01
7.369261169433593750e+01
7.367756652832031250e+01
7.365483856201171875e+01
7.364705657958984375e+01
7.364566040039062500e+01
7.363128662109375000e+01
7.361798095703125000e+01
7.358613586425781250e+01
7.348785400390625000e+01
7.339926910400390625e+01
7.337059020996093750e+01
5.456290054321289062e+01
7.355833435058593750e+01
7.357569122314453125e+01
7.359605407714843750e+01
7.362110137939453125e+01
7.364683532714843750e+01
7.370439147949218750e+01
7.374034881591796875e+01
7.375041198730468750e+01
7.375274658203125000e+01
7.375961303710937500e+01
7.376836395263671875e+01
7.377847290039062500e+01
7.379594421386718750e+01
7.381632995605468750e+01
7.382791900634765625e+01
7.383597564697265625e+01
7.385150909423828125e+01
7.386477661132812500e+01
7.386120605468750000e+01
7.386170959472656250e+01
7.385967254638671875e+01
7.385311126708984375e+01
7.384228515625000000e+01
7.381413269042968750e+01
7.376338195800781250e+01
7.372311401367187500e+01
7.369203948974609375e+01
7.365881347656250000e+01
7.365912628173828125e+01
7.371606445312500000e+01
7.376685333251953125e+01
7.379510498046875000e+01
7.383025360107421875e+01
7.386414337158203125e+01
7.386782836914062500e+01
7.383959197998046875e+01
7.380004882812500000e+01
7.377162170410156250e+01
7.374380493164062500e+01
7.371343994140625000e+01
7.368220520019531250e+01
7.367957305908203125e+01
7.369157409667968750e+01
7.371059417724609375e+01
7.375663757324218750e+01
7.381327819824218750e+01
7.384061431884765625e+01
7.382831573486328125e+01
7.378005218505859375e+01
7.372429656982421875e+01
7.366909790039062500e+01
7.359814453125000000e+01
7.355554962158203125e+01
7.353765106201171875e+01
7.354644775390625000e+01
7.361507415771484375e+01
7.367702484130859375e+01
7.377500915527343750e+01
7.388279724121093750e+01
7.392060852050781250e+01
7.384605407714843750e+01
7.374506378173828125e+01
7.368611145019531250e+01
7.363200378417968750e+01
7.358917999267578125e+01
7.357871246337890625e+01
7.355816650390625000e+01
7.358200073242187500e+01
7.368748474121093750e+01
7.378378295898437500e+01
7.383460998535156250e+01
7.385020446777343750e+01
7.380624389648437500e+01
7.372560119628906250e+01
7.364416503906250000e+01
7.359060668945312500e+01
7.354439544677734375e+01
7.353393554687500000e+01
7.359518432617187500e+01
7.365227508544921875e+01
7.374163055419921875e+01
7.387203979492187500e+01
7.393402862548828125e+01
7.386157989501953125e+01
7.371318817138671875e+01
7.360968017578125000e+01
7.355851745605468750e+01
7.351367187500000000e+01
7.351950836181640625e+01
7.355895996093750000e+01
7.361594390869140625e+01
7.375115203857421875e+01
7.390975189208984375e+01
7.397166442871093750e+01
7.389285278320312500e+01
7.367325592041015625e+01
7.351158905029296875e+01
7.348574066162109375e+01
7.345941925048828125e+01
7.348888397216796875e+01
7.359918212890625000e+01
7.377747344970703125e+01
7.396697998046875000e+01
