6.196080017089843750e+01
6.207245635986328125e+01
6.251576232910156250e+01
6.862493896484375000e+01
6.894422912597656250e+01
6.889167022705078125e+01
6.853501129150390625e+01
6.861893463134765625e+01
6.539459228515625000e+01
5.187906646728515625e+01
6.397424316406250000e+01
6.400917053222656250e+01
6.409317779541015625e+01
6.417935943603515625e+01
6.419377136230468750e+01
6.430664825439453125e+01
6.440136718750000000e+01
6.438758850097656250e+01
6.447345733642578125e+01
6.444429779052734375e+01
6.442946624755859375e+01
6.451946258544921875e+01
6.490081024169921875e+01
6.536473083496093750e+01
6.478830718994140625e+01
4.916951751708984375e+01
4.910729598999023438e+01
5.814178466796875000e+01
6.495997619628906250e+01
6.500337219238281250e+01
6.495615386962890625e+01
6.495539855957031250e+01
6.513243865966796875e+01
6.523843383789062500e+01
7.741617584228515625e+01
6.555805206298828125e+01
6.575742340087890625e+01
6.588703918457031250e+01
6.599058532714843750e+01
6.605109405517578125e+01
6.609998321533203125e+01
7.819879150390625000e+01
7.834646606445312500e+01
7.853011322021484375e+01
6.669942474365234375e+01
7.888832092285156250e+01
7.903939819335937500e+01
7.929919433593750000e+01
6.746154022216796875e+01
6.068797302246093750e+01
7.976767730712890625e+01
7.999519348144531250e+01
6.816854095458984375e+01
6.842246246337890625e+01
6.870089721679687500e+01
4.983000183105468750e+01
6.898094177246093750e+01
6.904763031005859375e+01
6.911242675781250000e+01
6.921825408935546875e+01
8.254358673095703125e+01
7.194973754882812500e+01
8.388231658935546875e+01
8.271758270263671875e+01
8.127627563476562500e+01
8.116775512695312500e+01
6.917640686035156250e+01
6.926983642578125000e+01
6.935530853271484375e+01
6.933362579345703125e+01
6.919239044189453125e+01
6.909953308105468750e+01
6.907166290283203125e+01
6.905541992187500000e+01
6.906379699707031250e+01
6.913008117675781250e+01
6.923755645751953125e+01
6.931432342529296875e+01
6.928088378906250000e+01
6.926035308837890625e+01
6.914215087890625000e+01
6.905921936035156250e+01
6.909926605224609375e+01
6.918546295166015625e+01
6.931069183349609375e+01
6.938712310791015625e+01
6.932088470458984375e+01
6.918188476562500000e+01
6.905409240722656250e+01
6.903802490234375000e+01
6.912670898437500000e+01
6.928758239746093750e+01
6.944148254394531250e+01
6.949790954589843750e+01
6.943571472167968750e+01
6.928616333007812500e+01
6.913070678710937500e+01
6.908375549316406250e+01
6.909596252441406250e+01
6.918171691894531250e+01
6.930151367187500000e+01
6.941615295410156250e+01
6.945923614501953125e+01
6.940172576904296875e+01
6.925196838378906250e+01
6.911772155761718750e+01
6.910557556152343750e+01
6.917998504638671875e+01
6.930979156494140625e+01
6.945381927490234375e+01
6.953424072265625000e+01
6.948640441894531250e+01
6.936047363281250000e+01
6.921017456054687500e+01
6.911135864257812500e+01
6.913549804687500000e+01
6.924043273925781250e+01
6.936543273925781250e+01
6.941465759277343750e+01
6.941867828369140625e+01
6.937025451660156250e+01
6.927371215820312500e+01
6.921056365966796875e+01
6.921923828125000000e+01
6.929277038574218750e+01
6.938969421386718750e+01
6.944103240966796875e+01
6.945016479492187500e+01
6.942546081542968750e+01
6.940322875976562500e+01
6.942707824707031250e+01
8.153134155273437500e+01
8.167998504638671875e+01
8.183572387695312500e+01
8.191251373291015625e+01
6.986255645751953125e+01
8.179509735107421875e+01
8.170101165771484375e+01
8.154859924316406250e+01
8.151599884033203125e+01
8.157196807861328125e+01
8.163137817382812500e+01
8.177363586425781250e+01
6.978554534912109375e+01
8.198098754882812500e+01
6.963950347900390625e+01
6.958665466308593750e+01
6.951970672607421875e+01
6.950969696044921875e+01
6.947442626953125000e+01
6.939097595214843750e+01
6.930609893798828125e+01
6.926162719726562500e+01
6.923864746093750000e+01
6.925511932373046875e+01
6.924994659423828125e+01
6.922682952880859375e+01
6.924917602539062500e+01
6.932415008544921875e+01
6.945423889160156250e+01
6.955632781982421875e+01
6.954027557373046875e+01
6.949476623535156250e+01
6.949372863769531250e+01
6.950808715820312500e+01
6.951756286621093750e+01
6.951322937011718750e+01
6.950502777099609375e+01
6.950177001953125000e+01
6.947295379638671875e+01
6.945054626464843750e+01
6.944062042236328125e+01
6.943325805664062500e+01
6.943176269531250000e+01
6.944247436523437500e+01
6.943856811523437500e+01
6.941680908203125000e+01
6.938091278076171875e+01
6.934805297851562500e+01
6.934328460693359375e+01
6.936750793457031250e+01
6.937928771972656250e+01
6.939005279541015625e+01
6.938391113281250000e+01
6.936039733886718750e+01
6.934181213378906250e+01
6.934415435791015625e+01
6.935147094726562500e+01
6.935807037353515625e+01
6.935879516601562500e+01
6.936776733398437500e+01
6.937492370605468750e+01
6.936898803710937500e+01
6.936726379394531250e+01
6.935720825195312500e+01
6.935795593261718750e+01
6.934742736816406250e+01
6.934338378906250000e+01
6.934463500976562500e+01
6.935359191894531250e+01
6.935289001464843750e+01
6.934577941894531250e+01
6.934655761718750000e+01
6.936457824707031250e+01
6.935196685791015625e+01
6.930133056640625000e+01
6.928450012207031250e+01
6.933071899414062500e+01
6.934179687500000000e+01
6.928506469726562500e+01
6.930223846435546875e+01
6.898049926757812500e+01
6.745655822753906250e+01
6.830105590820312500e+01
7.130803680419921875e+01
7.132084655761718750e+01
7.058712768554687500e+01
6.782410430908203125e+01
6.861315917968750000e+01
6.870317077636718750e+01
6.874220275878906250e+01
6.883413696289062500e+01
6.893186187744140625e+01
6.903221130371093750e+01
6.913444519042968750e+01
6.919768524169921875e+01
6.923542022705078125e+01
6.927322387695312500e+01
6.929247283935546875e+01
6.932881927490234375e+01
6.933351135253906250e+01
6.933042907714843750e+01
6.935375976562500000e+01
6.939360809326171875e+01
6.940898132324218750e+01
6.941310119628906250e+01
6.945118713378906250e+01
7.000215911865234375e+01
7.422160339355468750e+01
7.467890930175781250e+01
7.462319946289062500e+01
7.466970825195312500e+01
