5.540733337402343750e+01
6.229180145263671875e+01
6.221949768066406250e+01
6.219964599609375000e+01
6.231477355957031250e+01
6.226023864746093750e+01
6.220111083984375000e+01
6.217062377929687500e+01
6.215950012207031250e+01
6.218084716796875000e+01
6.220640563964843750e+01
6.222692871093750000e+01
6.224539184570312500e+01
6.225115966796875000e+01
6.226083374023437500e+01
6.226441955566406250e+01
6.226259613037109375e+01
6.234932708740234375e+01
6.269750213623046875e+01
7.481645965576171875e+01
7.483032226562500000e+01
7.483887481689453125e+01
7.481993103027343750e+01
7.478781890869140625e+01
7.477519989013671875e+01
7.473913574218750000e+01
7.458541870117187500e+01
7.439779663085937500e+01
7.435131835937500000e+01
7.434596252441406250e+01
7.434664154052734375e+01
7.438545989990234375e+01
7.441326141357421875e+01
7.444612121582031250e+01
7.447962951660156250e+01
7.448977661132812500e+01
7.449316406250000000e+01
7.450948333740234375e+01
7.453337097167968750e+01
7.456545257568359375e+01
7.458611297607421875e+01
7.460432434082031250e+01
7.461283874511718750e+01
7.463127136230468750e+01
7.464904785156250000e+01
7.466562652587890625e+01
7.467196655273437500e+01
7.467688751220703125e+01
7.470470428466796875e+01
7.471688079833984375e+01
7.472352600097656250e+01
7.473406982421875000e+01
7.474192810058593750e+01
7.474395751953125000e+01
7.476042938232421875e+01
7.477428436279296875e+01
7.479606628417968750e+01
7.480934143066406250e+01
7.481925964355468750e+01
7.481845092773437500e+01
7.481940460205078125e+01
7.482978820800781250e+01
7.483884429931640625e+01
7.484306335449218750e+01
7.484993743896484375e+01
7.485073089599609375e+01
7.484941101074218750e+01
7.485422515869140625e+01
7.485860443115234375e+01
7.487235260009765625e+01
7.487784576416015625e+01
7.486705017089843750e+01
7.485746765136718750e+01
7.486479187011718750e+01
7.487163543701171875e+01
7.487439727783203125e+01
7.487239837646484375e+01
7.487251281738281250e+01
7.487060546875000000e+01
7.486500549316406250e+01
7.486457824707031250e+01
7.486126708984375000e+01
7.486721801757812500e+01
7.486108398437500000e+01
7.484079742431640625e+01
7.484336853027343750e+01
7.485057830810546875e+01
7.485420227050781250e+01
7.484620666503906250e+01
7.483702850341796875e+01
7.482427215576171875e+01
7.483345031738281250e+01
7.482992553710937500e+01
7.481623840332031250e+01
7.479888153076171875e+01
7.478624725341796875e+01
7.478302764892578125e+01
7.478698730468750000e+01
7.479673004150390625e+01
7.478709411621093750e+01
7.476863098144531250e+01
7.476983642578125000e+01
7.476488494873046875e+01
7.476877593994140625e+01
7.479576873779296875e+01
7.480061340332031250e+01
7.481664276123046875e+01
7.488661193847656250e+01
7.491360473632812500e+01
7.495663452148437500e+01
7.498669433593750000e+01
7.501569366455078125e+01
7.501778411865234375e+01
7.502236938476562500e+01
7.502986145019531250e+01
7.503312683105468750e+01
7.502793884277343750e+01
7.502166748046875000e+01
7.501323699951171875e+01
7.500196838378906250e+01
7.498622894287109375e+01
7.497462463378906250e+01
7.497570800781250000e+01
7.497833251953125000e+01
7.496363067626953125e+01
7.491404724121093750e+01
7.488584899902343750e+01
7.488663482666015625e+01
7.487856292724609375e+01
7.485733795166015625e+01
7.479505157470703125e+01
7.472827148437500000e+01
7.468634033203125000e+01
7.467211914062500000e+01
7.465146636962890625e+01
7.462567901611328125e+01
7.458754730224609375e+01
7.453463745117187500e+01
7.451286315917968750e+01
7.448838043212890625e+01
7.448423004150390625e+01
7.449299621582031250e+01
7.445717620849609375e+01
7.442493438720703125e+01
7.444964599609375000e+01
7.450798797607421875e+01
7.462059020996093750e+01
7.473633575439453125e+01
7.480167388916015625e+01
7.484685516357421875e+01
7.488556671142578125e+01
7.491049194335937500e+01
7.492458343505859375e+01
7.493772888183593750e+01
7.494537353515625000e+01
7.493530273437500000e+01
7.492691040039062500e+01
7.492849731445312500e+01
7.493576049804687500e+01
7.493850708007812500e+01
7.492324829101562500e+01
7.489401245117187500e+01
7.486429595947265625e+01
7.483582305908203125e+01
7.480236816406250000e+01
7.478089904785156250e+01
7.475777435302734375e+01
7.471945953369140625e+01
7.466831207275390625e+01
7.456484222412109375e+01
7.441740417480468750e+01
7.428604125976562500e+01
7.420245361328125000e+01
7.416775512695312500e+01
7.417671966552734375e+01
7.421160888671875000e+01
7.424114990234375000e+01
7.424834442138671875e+01
7.423529052734375000e+01
7.422031402587890625e+01
7.421668243408203125e+01
7.421261596679687500e+01
7.420648193359375000e+01
7.421907043457031250e+01
7.424684143066406250e+01
7.427812194824218750e+01
7.431129455566406250e+01
7.434033203125000000e+01
7.434101104736328125e+01
7.431656646728515625e+01
7.426815795898437500e+01
7.421615600585937500e+01
7.414643859863281250e+01
7.405445861816406250e+01
7.399876403808593750e+01
7.399797821044921875e+01
7.402262115478515625e+01
7.407383728027343750e+01
7.416042327880859375e+01
7.424131774902343750e+01
7.427722930908203125e+01
7.424498748779296875e+01
7.419828033447265625e+01
7.417633056640625000e+01
7.417587280273437500e+01
7.416850280761718750e+01
7.415214538574218750e+01
7.413912200927734375e+01
7.413148498535156250e+01
7.410571289062500000e+01
7.407409667968750000e+01
7.405033111572265625e+01
7.406146240234375000e+01
7.407791137695312500e+01
7.409393310546875000e+01
7.406517028808593750e+01
7.401800537109375000e+01
7.396531677246093750e+01
7.392033386230468750e+01
7.386338806152343750e+01
7.381070709228515625e+01
7.379472351074218750e+01
7.386820220947265625e+01
7.394384765625000000e+01
7.399302673339843750e+01
7.401784515380859375e+01
7.399030303955078125e+01
7.396846008300781250e+01
7.400424194335937500e+01
7.405883026123046875e+01
7.411592864990234375e+01
7.415441894531250000e+01
7.417308807373046875e+01
7.417225646972656250e+01
7.415325927734375000e+01
7.412922668457031250e+01
7.409017181396484375e+01
7.405493164062500000e+01
7.402369689941406250e+01
7.403575134277343750e+01
7.407311248779296875e+01
7.408760833740234375e+01
7.410363769531250000e+01
7.406813049316406250e+01
7.402662658691406250e+01
7.400450897216796875e+01
7.399414062500000000e+01
7.396835327148437500e+01
7.394918060302734375e+01
7.392030334472656250e+01
7.389622497558593750e+01
7.389318084716796875e+01
7.389274597167968750e+01
7.393670654296875000e+01
7.394564056396484375e+01
7.392453765869140625e+01
7.390336608886718750e+01
7.390023803710937500e+01
7.388785552978515625e+01
