6.156714630126953125e+01
6.154903411865234375e+01
6.138951873779296875e+01
7.517011260986328125e+01
7.503938293457031250e+01
7.492519378662109375e+01
7.508007049560546875e+01
7.527530670166015625e+01
7.544674682617187500e+01
7.544096374511718750e+01
7.544163513183593750e+01
7.560092163085937500e+01
7.584234619140625000e+01
7.560494995117187500e+01
7.531036376953125000e+01
7.526303100585937500e+01
7.525163269042968750e+01
7.521282196044921875e+01
7.509147644042968750e+01
7.512435150146484375e+01
7.532733917236328125e+01
7.547605895996093750e+01
7.547138977050781250e+01
7.524166870117187500e+01
7.510530090332031250e+01
7.502305603027343750e+01
7.503575897216796875e+01
7.493945312500000000e+01
7.489862823486328125e+01
7.487828063964843750e+01
7.483596801757812500e+01
7.495801544189453125e+01
7.499554443359375000e+01
7.472350311279296875e+01
7.465874481201171875e+01
7.465802764892578125e+01
7.462711334228515625e+01
7.455461883544921875e+01
7.443888854980468750e+01
7.430711364746093750e+01
7.433749389648437500e+01
7.457230377197265625e+01
7.478797149658203125e+01
7.475958251953125000e+01
7.467468261718750000e+01
7.457611083984375000e+01
7.448473358154296875e+01
7.449105834960937500e+01
7.459763336181640625e+01
7.467879486083984375e+01
7.468079376220703125e+01
7.459800720214843750e+01
7.447882080078125000e+01
7.437442779541015625e+01
7.431685638427734375e+01
7.433616638183593750e+01
7.438397979736328125e+01
7.440086364746093750e+01
7.437095642089843750e+01
7.431982421875000000e+01
7.429059600830078125e+01
7.427300262451171875e+01
7.425776672363281250e+01
7.424872589111328125e+01
7.422915649414062500e+01
7.418386077880859375e+01
7.414132690429687500e+01
7.413232421875000000e+01
7.413209533691406250e+01
7.413793182373046875e+01
7.413774871826171875e+01
7.413444519042968750e+01
7.412473297119140625e+01
7.412756347656250000e+01
7.412866973876953125e+01
7.412242126464843750e+01
7.411126708984375000e+01
7.409651947021484375e+01
7.408270263671875000e+01
7.407835388183593750e+01
7.407868957519531250e+01
7.407493591308593750e+01
7.406759643554687500e+01
7.405999755859375000e+01
7.405297088623046875e+01
7.404102325439453125e+01
7.404359436035156250e+01
7.404760742187500000e+01
7.404199981689453125e+01
7.403067016601562500e+01
7.402384948730468750e+01
7.402116394042968750e+01
7.402656555175781250e+01
7.402423858642578125e+01
7.402543640136718750e+01
7.403151702880859375e+01
7.401982116699218750e+01
7.401293945312500000e+01
7.400646972656250000e+01
7.399526214599609375e+01
7.397824859619140625e+01
7.396134948730468750e+01
7.396141052246093750e+01
7.396014404296875000e+01
7.394922637939453125e+01
7.394026947021484375e+01
7.391937255859375000e+01
7.389122009277343750e+01
7.387502288818359375e+01
7.387951660156250000e+01
7.388890075683593750e+01
7.389648437500000000e+01
7.390230560302734375e+01
7.390370178222656250e+01
7.388680267333984375e+01
7.386345672607421875e+01
7.384201812744140625e+01
7.383837890625000000e+01
7.384490203857421875e+01
7.388498687744140625e+01
7.390600585937500000e+01
7.389806365966796875e+01
7.387790679931640625e+01
7.384638214111328125e+01
7.381797790527343750e+01
7.378584289550781250e+01
7.375642395019531250e+01
7.375004577636718750e+01
7.376395416259765625e+01
7.376586151123046875e+01
7.376791381835937500e+01
7.376821136474609375e+01
7.374455261230468750e+01
7.371256256103515625e+01
7.369561767578125000e+01
7.369613647460937500e+01
7.370939636230468750e+01
7.371701812744140625e+01
7.370110321044921875e+01
7.368545532226562500e+01
7.367039489746093750e+01
7.365054321289062500e+01
7.362695312500000000e+01
7.360377502441406250e+01
7.357975769042968750e+01
7.356185913085937500e+01
7.357054138183593750e+01
7.357546997070312500e+01
7.357735443115234375e+01
7.356746673583984375e+01
7.356372833251953125e+01
7.355999755859375000e+01
7.359851837158203125e+01
7.365356445312500000e+01
7.370648193359375000e+01
7.375993347167968750e+01
7.380893707275390625e+01
7.386273193359375000e+01
7.385893249511718750e+01
7.371191406250000000e+01
7.363741302490234375e+01
7.358564758300781250e+01
7.357970428466796875e+01
7.366540527343750000e+01
7.370396423339843750e+01
7.372477722167968750e+01
7.369007873535156250e+01
7.367006683349609375e+01
7.366725158691406250e+01
7.365193939208984375e+01
7.359463500976562500e+01
7.354376220703125000e+01
7.353253173828125000e+01
7.352570343017578125e+01
7.346353149414062500e+01
7.344327545166015625e+01
7.346212768554687500e+01
7.340644836425781250e+01
7.335802459716796875e+01
7.335505676269531250e+01
7.337923431396484375e+01
7.333071136474609375e+01
7.340594482421875000e+01
7.335203552246093750e+01
7.335591125488281250e+01
7.343423461914062500e+01
7.343236541748046875e+01
7.338952636718750000e+01
7.341304779052734375e+01
7.332740783691406250e+01
7.327544403076171875e+01
7.336602020263671875e+01
7.335278320312500000e+01
7.318605041503906250e+01
7.306374359130859375e+01
7.296752166748046875e+01
7.295968627929687500e+01
7.301404571533203125e+01
7.304186248779296875e+01
7.300389862060546875e+01
7.294169616699218750e+01
7.290937805175781250e+01
7.287742614746093750e+01
7.285224914550781250e+01
7.285539245605468750e+01
7.293658447265625000e+01
7.308257293701171875e+01
7.313722991943359375e+01
7.319273376464843750e+01
7.329806518554687500e+01
7.329558563232421875e+01
7.317495727539062500e+01
7.306687164306640625e+01
7.306243896484375000e+01
7.308093261718750000e+01
7.307603454589843750e+01
7.304746246337890625e+01
7.302312469482421875e+01
7.298734283447265625e+01
7.294340515136718750e+01
7.294866180419921875e+01
7.296996307373046875e+01
7.296296691894531250e+01
7.294749450683593750e+01
7.292358398437500000e+01
7.286889648437500000e+01
7.285110473632812500e+01
7.283225250244140625e+01
7.275299835205078125e+01
7.268560791015625000e+01
7.271125793457031250e+01
7.270207977294921875e+01
7.267916870117187500e+01
7.263781738281250000e+01
7.259301757812500000e+01
7.260471343994140625e+01
7.261278533935546875e+01
7.259908294677734375e+01
7.259066772460937500e+01
7.262035369873046875e+01
7.262373352050781250e+01
7.263854980468750000e+01
7.263545227050781250e+01
7.260460662841796875e+01
7.263623046875000000e+01
7.259626770019531250e+01
7.251779937744140625e+01
7.249445343017578125e+01
7.249489593505859375e+01
7.250946044921875000e+01
7.249665832519531250e+01
