5.500869369506835938e+01
3.769355010986328125e+01
7.893318176269531250e+01
7.919115447998046875e+01
6.703690338134765625e+01
6.717291259765625000e+01
6.743463897705078125e+01
6.788508605957031250e+01
6.809759521484375000e+01
6.817391967773437500e+01
6.821733856201171875e+01
6.824301910400390625e+01
6.825734710693359375e+01
6.825775146484375000e+01
6.822540283203125000e+01
8.014679718017578125e+01
8.002992248535156250e+01
7.990270233154296875e+01
6.782570648193359375e+01
6.795879364013671875e+01
8.008813476562500000e+01
8.013740539550781250e+01
8.012080383300781250e+01
8.009292602539062500e+01
8.006246185302734375e+01
8.002743530273437500e+01
8.000955963134765625e+01
8.002516174316406250e+01
8.005058288574218750e+01
8.005781555175781250e+01
8.003547668457031250e+01
7.999700927734375000e+01
7.997950744628906250e+01
7.999252319335937500e+01
8.005180358886718750e+01
8.015469360351562500e+01
8.028699493408203125e+01
8.043438720703125000e+01
8.052304840087890625e+01
8.053191375732421875e+01
8.048544311523437500e+01
8.038224792480468750e+01
8.023263549804687500e+01
8.007450866699218750e+01
8.000493621826171875e+01
7.998377990722656250e+01
8.013214111328125000e+01
8.034224700927734375e+01
8.055099487304687500e+01
6.864739227294921875e+01
8.060226440429687500e+01
8.053283691406250000e+01
8.045765686035156250e+01
8.040139770507812500e+01
8.039945983886718750e+01
8.049866485595703125e+01
8.065203857421875000e+01
8.080610656738281250e+01
8.086196899414062500e+01
8.077620697021484375e+01
8.062933349609375000e+01
8.049248504638671875e+01
8.040526580810546875e+01
8.039730834960937500e+01
8.050907135009765625e+01
8.066497802734375000e+01
8.082662963867187500e+01
8.085643005371093750e+01
8.078381347656250000e+01
8.067372131347656250e+01
8.057612609863281250e+01
8.056765747070312500e+01
8.063836669921875000e+01
8.075642395019531250e+01
8.087639617919921875e+01
8.097744750976562500e+01
8.101942443847656250e+01
8.101536560058593750e+01
8.097393035888671875e+01
8.091474151611328125e+01
8.088248443603515625e+01
8.088015747070312500e+01
8.090394592285156250e+01
8.095845031738281250e+01
8.105204010009765625e+01
8.111073303222656250e+01
8.114071655273437500e+01
8.116259002685546875e+01
8.119372558593750000e+01
8.121942901611328125e+01
8.125645446777343750e+01
8.131172180175781250e+01
8.134221649169921875e+01
8.132994079589843750e+01
8.132536315917968750e+01
8.139148712158203125e+01
8.149165344238281250e+01
8.153104400634765625e+01
8.151623535156250000e+01
8.153199005126953125e+01
8.156845092773437500e+01
8.159084320068359375e+01
8.161924743652343750e+01
8.169094848632812500e+01
8.178720092773437500e+01
8.183941650390625000e+01
8.188203430175781250e+01
8.191567993164062500e+01
8.196273803710937500e+01
8.197145843505859375e+01
8.195362854003906250e+01
8.193167114257812500e+01
8.193673706054687500e+01
8.200704193115234375e+01
8.207731628417968750e+01
8.208785247802734375e+01
8.206285858154296875e+01
8.205408477783203125e+01
8.206005096435546875e+01
8.207830810546875000e+01
8.212805175781250000e+01
8.217177581787109375e+01
8.219411468505859375e+01
8.219920349121093750e+01
8.219818115234375000e+01
8.220188903808593750e+01
8.222252655029296875e+01
8.225867462158203125e+01
8.229924774169921875e+01
8.232984161376953125e+01
8.234884643554687500e+01
8.237053680419921875e+01
8.237452697753906250e+01
8.236470031738281250e+01
8.236035156250000000e+01
8.237081146240234375e+01
8.239459228515625000e+01
8.241663360595703125e+01
8.243525695800781250e+01
8.244908142089843750e+01
8.245124816894531250e+01
8.244615173339843750e+01
8.245111846923828125e+01
8.247213745117187500e+01
8.250248718261718750e+01
8.252717590332031250e+01
8.254347229003906250e+01
8.256432342529296875e+01
8.259310913085937500e+01
8.261198425292968750e+01
8.261534118652343750e+01
8.261452484130859375e+01
8.262685394287109375e+01
8.263961791992187500e+01
8.265238952636718750e+01
8.266285705566406250e+01
8.268136596679687500e+01
8.271189117431640625e+01
8.273960876464843750e+01
8.275978088378906250e+01
8.277729797363281250e+01
8.279222106933593750e+01
8.279723358154296875e+01
8.279927825927734375e+01
8.280506134033203125e+01
8.280669403076171875e+01
8.279845428466796875e+01
8.279727172851562500e+01
8.281063079833984375e+01
8.282083892822265625e+01
8.282529449462890625e+01
8.284232330322265625e+01
8.285848236083984375e+01
8.285578918457031250e+01
8.285533905029296875e+01
8.286457061767578125e+01
8.288545227050781250e+01
8.291438293457031250e+01
8.293553161621093750e+01
8.297151184082031250e+01
8.304292297363281250e+01
8.312115478515625000e+01
8.316557312011718750e+01
8.320249938964843750e+01
8.324156188964843750e+01
8.327037811279296875e+01
8.330390167236328125e+01
8.332511901855468750e+01
8.334130859375000000e+01
8.335494232177734375e+01
7.138536834716796875e+01
7.140478515625000000e+01
8.342440795898437500e+01
8.343482971191406250e+01
8.344060516357421875e+01
8.343877410888671875e+01
8.344068145751953125e+01
8.345812225341796875e+01
8.347547149658203125e+01
8.349009704589843750e+01
8.350245666503906250e+01
8.352201080322265625e+01
8.354110717773437500e+01
8.355682373046875000e+01
8.356891632080078125e+01
8.358213806152343750e+01
8.359201049804687500e+01
8.360204315185546875e+01
8.361511230468750000e+01
8.362297821044921875e+01
8.363656616210937500e+01
8.366064453125000000e+01
8.367185974121093750e+01
8.368150329589843750e+01
8.367362976074218750e+01
8.367131042480468750e+01
8.368158721923828125e+01
8.369409942626953125e+01
8.370803070068359375e+01
8.371546936035156250e+01
8.372048187255859375e+01
8.373023223876953125e+01
8.373866271972656250e+01
8.374810791015625000e+01
8.376050567626953125e+01
8.376828002929687500e+01
8.379010009765625000e+01
8.382913208007812500e+01
8.387167358398437500e+01
8.390096282958984375e+01
8.392006683349609375e+01
8.394175720214843750e+01
8.396161651611328125e+01
8.397448730468750000e+01
8.399523162841796875e+01
8.401245117187500000e+01
8.402008056640625000e+01
8.403420257568359375e+01
8.405523681640625000e+01
8.406799316406250000e+01
8.408021545410156250e+01
8.410548400878906250e+01
8.412735748291015625e+01
8.414466094970703125e+01
8.416196441650390625e+01
8.417877197265625000e+01
8.419954681396484375e+01
8.421152496337890625e+01
8.421443939208984375e+01
8.422480773925781250e+01
8.424351501464843750e+01
8.426484680175781250e+01
8.428620147705078125e+01
8.429756927490234375e+01
8.429714202880859375e+01
8.429657745361328125e+01
8.429799652099609375e+01
8.431250000000000000e+01
8.433032226562500000e+01
8.434846496582031250e+01
8.436569213867187500e+01
8.437547302246093750e+01
8.438579559326171875e+01
8.439510345458984375e+01
8.440587615966796875e+01
8.442113494873046875e+01
8.444298553466796875e+01
8.446392059326171875e+01
7.248067474365234375e+01
7.249892425537109375e+01
7.251597595214843750e+01
7.253286743164062500e+01
7.254567718505859375e+01
8.457363128662109375e+01
8.460600280761718750e+01
8.463300323486328125e+01
8.465705871582031250e+01
8.467950439453125000e+01
8.470149993896484375e+01
8.472279357910156250e+01
8.474357604980468750e+01
8.477416992187500000e+01
8.482138061523437500e+01
8.486555480957031250e+01
8.488613891601562500e+01
8.489121246337890625e+01
8.490151214599609375e+01
8.492403411865234375e+01
8.495166778564453125e+01
8.497994995117187500e+01
8.501158905029296875e+01
8.504065704345703125e+01
8.505661773681640625e+01
8.506674957275390625e+01
8.507846069335937500e+01
8.509425354003906250e+01
8.511341857910156250e+01
8.513163757324218750e+01
8.515280151367187500e+01
8.517510223388671875e+01
8.523387145996093750e+01
5.414413833618164062e+01
