5.011961746215820312e+01
5.005733871459960938e+01
4.994478607177734375e+01
6.901504516601562500e+01
6.899584197998046875e+01
6.891489410400390625e+01
6.888502502441406250e+01
6.893247222900390625e+01
6.898596191406250000e+01
6.903495025634765625e+01
6.912802886962890625e+01
6.915201568603515625e+01
6.911015319824218750e+01
6.909162902832031250e+01
6.911951446533203125e+01
6.918658447265625000e+01
6.924799346923828125e+01
6.926742553710937500e+01
6.924406433105468750e+01
6.921472167968750000e+01
6.922277832031250000e+01
6.923061370849609375e+01
6.923059082031250000e+01
6.924653625488281250e+01
6.922242736816406250e+01
6.916267395019531250e+01
6.913096618652343750e+01
6.907202911376953125e+01
6.903605651855468750e+01
6.907035827636718750e+01
6.909317016601562500e+01
6.910565185546875000e+01
6.911760711669921875e+01
6.912779235839843750e+01
6.912934112548828125e+01
6.912963104248046875e+01
6.912995910644531250e+01
6.914144134521484375e+01
8.116941833496093750e+01
8.119353485107421875e+01
8.121052551269531250e+01
8.121597290039062500e+01
8.122001647949218750e+01
8.123898315429687500e+01
8.126055908203125000e+01
8.128231048583984375e+01
8.129366302490234375e+01
8.130150604248046875e+01
8.130865478515625000e+01
8.130843353271484375e+01
8.129901123046875000e+01
8.128848266601562500e+01
8.127320861816406250e+01
8.125242614746093750e+01
8.123648834228515625e+01
6.922641754150390625e+01
6.921860504150390625e+01
6.921031951904296875e+01
6.920139312744140625e+01
6.918225097656250000e+01
6.916751098632812500e+01
6.917221069335937500e+01
6.920132446289062500e+01
6.923529052734375000e+01
6.923995208740234375e+01
6.922425079345703125e+01
6.921923828125000000e+01
6.923353576660156250e+01
6.925655364990234375e+01
6.925779724121093750e+01
6.925274658203125000e+01
6.925977325439453125e+01
6.926477813720703125e+01
6.926328277587890625e+01
6.925408935546875000e+01
6.924687957763671875e+01
6.924409484863281250e+01
6.923831939697265625e+01
6.923305511474609375e+01
6.923133850097656250e+01
6.923047637939453125e+01
6.922988128662109375e+01
6.922183227539062500e+01
6.921510314941406250e+01
6.921331024169921875e+01
6.921651458740234375e+01
6.922119903564453125e+01
6.922383117675781250e+01
6.922718048095703125e+01
6.922505950927734375e+01
6.921409606933593750e+01
6.920791625976562500e+01
6.921077728271484375e+01
6.921041870117187500e+01
6.921049499511718750e+01
6.920482635498046875e+01
6.919556427001953125e+01
6.919238281250000000e+01
6.919120788574218750e+01
6.918952178955078125e+01
6.918559265136718750e+01
6.916825103759765625e+01
6.916115570068359375e+01
6.917500305175781250e+01
6.917942810058593750e+01
6.917120361328125000e+01
6.917355346679687500e+01
6.918244934082031250e+01
6.918676757812500000e+01
6.919464111328125000e+01
6.918820190429687500e+01
6.918706512451171875e+01
6.918170166015625000e+01
6.918468475341796875e+01
6.918898010253906250e+01
6.918884277343750000e+01
6.917984008789062500e+01
6.917366027832031250e+01
6.918542480468750000e+01
6.918862152099609375e+01
6.918518829345703125e+01
6.917942810058593750e+01
6.916570281982421875e+01
6.914284515380859375e+01
6.912941741943359375e+01
6.912831878662109375e+01
6.913385772705078125e+01
6.912495422363281250e+01
6.911802673339843750e+01
6.911795806884765625e+01
6.911307525634765625e+01
6.910950469970703125e+01
6.911534881591796875e+01
6.912381744384765625e+01
6.912522888183593750e+01
6.912525177001953125e+01
6.913066101074218750e+01
6.913378906250000000e+01
6.912907409667968750e+01
6.911768341064453125e+01
6.910610961914062500e+01
6.911286926269531250e+01
6.912083435058593750e+01
6.911216735839843750e+01
6.910457611083984375e+01
6.910080718994140625e+01
6.909294128417968750e+01
6.909423065185546875e+01
6.909724426269531250e+01
6.909790039062500000e+01
6.909428405761718750e+01
6.909111022949218750e+01
6.909729003906250000e+01
6.909780120849609375e+01
6.909648132324218750e+01
6.910003662109375000e+01
6.909815979003906250e+01
6.908637237548828125e+01
6.907771301269531250e+01
6.907353973388671875e+01
6.907481384277343750e+01
6.906681823730468750e+01
6.905189514160156250e+01
6.904981231689453125e+01
6.905130004882812500e+01
6.904394531250000000e+01
6.904608917236328125e+01
6.904374694824218750e+01
6.903951263427734375e+01
6.904459381103515625e+01
6.903921508789062500e+01
6.902840423583984375e+01
6.902404785156250000e+01
6.903115844726562500e+01
6.903971862792968750e+01
6.904896545410156250e+01
6.905018615722656250e+01
6.905423736572265625e+01
6.905851745605468750e+01
6.906430053710937500e+01
6.907740020751953125e+01
6.908592987060546875e+01
6.908253479003906250e+01
6.908044433593750000e+01
6.909140014648437500e+01
6.910132598876953125e+01
6.910000610351562500e+01
6.909599304199218750e+01
6.909169006347656250e+01
6.908305358886718750e+01
6.908117675781250000e+01
6.909745025634765625e+01
6.911410522460937500e+01
6.911009979248046875e+01
6.909366607666015625e+01
6.909683227539062500e+01
6.911848449707031250e+01
6.911177062988281250e+01
6.910921478271484375e+01
6.911875915527343750e+01
6.913618469238281250e+01
6.915212249755859375e+01
6.916266632080078125e+01
6.917161560058593750e+01
6.916853332519531250e+01
6.914108276367187500e+01
6.913609313964843750e+01
6.914672088623046875e+01
6.914022827148437500e+01
6.913980102539062500e+01
6.915564727783203125e+01
6.917063903808593750e+01
6.916827392578125000e+01
6.917269134521484375e+01
6.918498229980468750e+01
6.917988586425781250e+01
6.916113281250000000e+01
6.913291931152343750e+01
6.912677764892578125e+01
6.914138031005859375e+01
6.914789581298828125e+01
6.915660858154296875e+01
6.914921569824218750e+01
6.914353179931640625e+01
6.914513397216796875e+01
6.914788818359375000e+01
6.915689849853515625e+01
6.916111755371093750e+01
6.917890167236328125e+01
6.922276306152343750e+01
6.926311492919921875e+01
6.925610351562500000e+01
6.924972534179687500e+01
6.922054290771484375e+01
6.917140960693359375e+01
6.914755249023437500e+01
6.912332153320312500e+01
6.908737945556640625e+01
6.906764221191406250e+01
6.905886840820312500e+01
6.907167816162109375e+01
6.906688690185546875e+01
6.905614471435546875e+01
6.906323242187500000e+01
6.906735992431640625e+01
6.907022857666015625e+01
6.908547973632812500e+01
6.910602569580078125e+01
6.912857055664062500e+01
6.916027069091796875e+01
6.918225860595703125e+01
6.918344116210937500e+01
6.917390441894531250e+01
6.915048980712890625e+01
6.909407806396484375e+01
6.902159118652343750e+01
6.897482299804687500e+01
6.896490478515625000e+01
6.895294952392578125e+01
6.893792724609375000e+01
6.891898345947265625e+01
6.889324188232421875e+01
6.889257812500000000e+01
6.891179656982421875e+01
6.893688964843750000e+01
6.895188140869140625e+01
6.897624206542968750e+01
6.900680541992187500e+01
6.904336547851562500e+01
6.907312011718750000e+01
6.909590911865234375e+01
6.911973571777343750e+01
6.913963317871093750e+01
6.915663146972656250e+01
6.915276336669921875e+01
6.916225433349609375e+01
6.915802001953125000e+01
6.914902496337890625e+01
6.913598632812500000e+01
6.913033294677734375e+01
6.912407684326171875e+01
6.912253570556640625e+01
6.914234924316406250e+01
6.917222595214843750e+01
6.918345642089843750e+01
6.917257690429687500e+01
6.912930297851562500e+01
6.911110687255859375e+01
6.912454986572265625e+01
6.911537170410156250e+01
6.910947418212890625e+01
6.909852600097656250e+01
6.909077453613281250e+01
6.934712219238281250e+01
6.925975799560546875e+01
6.905033874511718750e+01
