6.782796478271484375e+01
6.780155944824218750e+01
6.785676574707031250e+01
6.780126190185546875e+01
6.788812255859375000e+01
6.797153472900390625e+01
6.786379241943359375e+01
6.776329803466796875e+01
6.767300415039062500e+01
6.763043212890625000e+01
6.763431549072265625e+01
6.765890502929687500e+01
6.767878723144531250e+01
6.767787170410156250e+01
6.774107360839843750e+01
6.775331115722656250e+01
6.775930023193359375e+01
6.774887084960937500e+01
6.775669097900390625e+01
6.776628112792968750e+01
6.778196716308593750e+01
6.777649688720703125e+01
5.575846862792968750e+01
5.573852539062500000e+01
5.574774169921875000e+01
5.577054977416992188e+01
6.780819702148437500e+01
6.785611724853515625e+01
6.791702270507812500e+01
6.796528625488281250e+01
6.799797058105468750e+01
6.800842285156250000e+01
6.799551391601562500e+01
6.798139953613281250e+01
6.799950408935546875e+01
6.799475097656250000e+01
6.797669982910156250e+01
6.798285675048828125e+01
6.799420928955078125e+01
6.802819824218750000e+01
6.806568908691406250e+01
6.813078308105468750e+01
6.818219757080078125e+01
6.820704650878906250e+01
6.819817352294921875e+01
6.815073394775390625e+01
6.815618133544921875e+01
6.816207122802734375e+01
6.817490386962890625e+01
6.816912078857421875e+01
6.818222808837890625e+01
6.818971252441406250e+01
6.819995117187500000e+01
6.820593261718750000e+01
6.818310546875000000e+01
6.818969726562500000e+01
6.821016693115234375e+01
6.824064636230468750e+01
6.823904418945312500e+01
6.822491455078125000e+01
6.821874237060546875e+01
6.821747589111328125e+01
6.820859527587890625e+01
6.819060516357421875e+01
6.819839477539062500e+01
6.821233367919921875e+01
6.820012664794921875e+01
6.820123291015625000e+01
6.822686767578125000e+01
6.825000000000000000e+01
6.826288604736328125e+01
6.825977325439453125e+01
6.824332427978515625e+01
6.822778320312500000e+01
6.823092651367187500e+01
6.823865509033203125e+01
6.826343536376953125e+01
6.827392578125000000e+01
6.827717590332031250e+01
6.828536987304687500e+01
6.829550170898437500e+01
6.830567932128906250e+01
6.837988281250000000e+01
6.844757080078125000e+01
6.847936248779296875e+01
6.855545806884765625e+01
6.863037109375000000e+01
6.867382049560546875e+01
6.868934631347656250e+01
6.868087768554687500e+01
6.866378021240234375e+01
6.862848663330078125e+01
6.862670135498046875e+01
6.866146850585937500e+01
6.867744445800781250e+01
6.868090820312500000e+01
6.866740417480468750e+01
6.866860961914062500e+01
5.662329483032226562e+01
6.869187164306640625e+01
6.867030334472656250e+01
6.868759155273437500e+01
6.871937561035156250e+01
6.872464752197265625e+01
6.871191406250000000e+01
6.869666290283203125e+01
6.868110656738281250e+01
6.871778869628906250e+01
6.876808166503906250e+01
6.884059906005859375e+01
6.896205139160156250e+01
6.910650634765625000e+01
6.918712615966796875e+01
5.732397460937500000e+01
5.745635223388671875e+01
6.966291809082031250e+01
6.972325134277343750e+01
5.769742584228515625e+01
5.777915191650390625e+01
6.993304443359375000e+01
7.001516723632812500e+01
7.003217315673828125e+01
6.998682403564453125e+01
6.992726135253906250e+01
6.987847137451171875e+01
6.986602783203125000e+01
6.993400573730468750e+01
7.000350189208984375e+01
6.999717712402343750e+01
7.001268768310546875e+01
7.006283569335937500e+01
7.011853790283203125e+01
7.014868164062500000e+01
7.016795349121093750e+01
7.024366760253906250e+01
7.035075378417968750e+01
7.041119384765625000e+01
7.041314697265625000e+01
7.037771606445312500e+01
7.035246276855468750e+01
7.034545135498046875e+01
7.033972167968750000e+01
7.036132812500000000e+01
5.841039276123046875e+01
7.046095275878906250e+01
7.047561645507812500e+01
7.046972656250000000e+01
7.049109649658203125e+01
7.053875732421875000e+01
7.058857727050781250e+01
7.063699340820312500e+01
7.066753387451171875e+01
7.070227813720703125e+01
7.078503417968750000e+01
7.095815277099609375e+01
7.119403076171875000e+01
7.136767578125000000e+01
7.146523284912109375e+01
7.148327636718750000e+01
7.145852661132812500e+01
7.147471618652343750e+01
7.149404907226562500e+01
7.153169250488281250e+01
7.158480072021484375e+01
7.161570739746093750e+01
7.166505432128906250e+01
7.167868041992187500e+01
7.166201019287109375e+01
7.168291473388671875e+01
7.169140625000000000e+01
7.168489074707031250e+01
7.172332763671875000e+01
7.172112274169921875e+01
7.170597839355468750e+01
7.173448181152343750e+01
7.178202819824218750e+01
7.182461547851562500e+01
7.185569763183593750e+01
7.190282440185546875e+01
7.193478393554687500e+01
7.195009613037109375e+01
7.197567749023437500e+01
7.202189636230468750e+01
7.203807067871093750e+01
7.206793212890625000e+01
7.210771942138671875e+01
7.213430786132812500e+01
7.215052795410156250e+01
7.215768432617187500e+01
7.217680358886718750e+01
7.218025970458984375e+01
7.218093872070312500e+01
7.217185974121093750e+01
7.214894104003906250e+01
7.214888000488281250e+01
7.215810394287109375e+01
7.217430877685546875e+01
7.221494293212890625e+01
7.223570251464843750e+01
7.222939300537109375e+01
7.223265075683593750e+01
7.226588439941406250e+01
7.229674530029296875e+01
7.232297515869140625e+01
7.235221099853515625e+01
7.236935424804687500e+01
7.238926696777343750e+01
7.241084289550781250e+01
7.241923522949218750e+01
7.243238067626953125e+01
7.245022583007812500e+01
7.244214630126953125e+01
7.244053649902343750e+01
7.244941711425781250e+01
7.246466827392578125e+01
7.247168731689453125e+01
6.046992874145507812e+01
6.048319244384765625e+01
7.251580047607421875e+01
7.254528808593750000e+01
7.256916809082031250e+01
7.259502410888671875e+01
7.263096618652343750e+01
7.264533233642578125e+01
7.265062713623046875e+01
7.264601135253906250e+01
7.265291595458984375e+01
7.266714477539062500e+01
7.267898559570312500e+01
7.268786621093750000e+01
7.270587921142578125e+01
7.273265838623046875e+01
7.273716735839843750e+01
7.274066162109375000e+01
7.276968383789062500e+01
7.279299926757812500e+01
7.279888916015625000e+01
7.279820251464843750e+01
7.281090545654296875e+01
7.282785034179687500e+01
7.285202026367187500e+01
7.289416503906250000e+01
7.291779327392578125e+01
7.293013000488281250e+01
7.295201110839843750e+01
7.297546386718750000e+01
7.299049377441406250e+01
7.301873779296875000e+01
7.303635406494140625e+01
7.303896331787109375e+01
7.304368591308593750e+01
7.306565093994140625e+01
7.308019256591796875e+01
7.309954071044921875e+01
7.311015319824218750e+01
7.310788726806640625e+01
7.311660766601562500e+01
7.313378906250000000e+01
7.315637969970703125e+01
7.318518066406250000e+01
7.321779632568359375e+01
7.323701477050781250e+01
7.324327087402343750e+01
7.325657653808593750e+01
7.327546691894531250e+01
7.328744506835937500e+01
7.330322265625000000e+01
7.331971740722656250e+01
7.333165740966796875e+01
7.335339355468750000e+01
7.338120269775390625e+01
7.339030456542968750e+01
7.341548156738281250e+01
7.344020080566406250e+01
7.344036865234375000e+01
7.343663787841796875e+01
7.344825744628906250e+01
7.347091674804687500e+01
7.348665618896484375e+01
7.349547576904296875e+01
7.350084686279296875e+01
7.350446319580078125e+01
7.351939392089843750e+01
7.353785705566406250e+01
7.356947326660156250e+01
7.360636901855468750e+01
7.364025115966796875e+01
7.366806030273437500e+01
7.369479370117187500e+01
7.372505187988281250e+01
7.373881530761718750e+01
7.373211669921875000e+01
7.372785186767578125e+01
7.373971557617187500e+01
7.377075195312500000e+01
7.379144287109375000e+01
7.379918670654296875e+01
7.380346679687500000e+01
7.381397247314453125e+01
7.381506347656250000e+01
7.381978607177734375e+01
7.382719421386718750e+01
7.381999206542968750e+01
7.381719970703125000e+01
7.383183288574218750e+01
7.385565185546875000e+01
7.386183929443359375e+01
7.385844421386718750e+01
7.386466979980468750e+01
7.388890075683593750e+01
7.392877960205078125e+01
7.397160339355468750e+01
7.400936126708984375e+01
7.404885864257812500e+01
7.409201049804687500e+01
7.412603759765625000e+01
7.415820312500000000e+01
7.419697570800781250e+01
7.423321533203125000e+01
7.424909973144531250e+01
7.425447082519531250e+01
7.426902770996093750e+01
7.430081939697265625e+01
7.431575012207031250e+01
7.429530334472656250e+01
7.425291442871093750e+01
7.422364807128906250e+01
7.424359130859375000e+01
7.429242706298828125e+01
7.436167144775390625e+01
7.447236633300781250e+01
7.460424804687500000e+01
7.465000915527343750e+01
7.458280944824218750e+01
7.446370697021484375e+01
7.435680389404296875e+01
7.424303436279296875e+01
7.418478393554687500e+01
7.422546386718750000e+01
7.432779693603515625e+01
7.446741485595703125e+01
7.458268737792968750e+01
7.454780578613281250e+01
7.437454986572265625e+01
7.419467926025390625e+01
7.405899810791015625e+01
7.408187866210937500e+01
7.420002746582031250e+01
7.433069610595703125e+01
7.446343231201171875e+01
7.457134246826171875e+01
7.453678894042968750e+01
7.438445281982421875e+01
7.424953460693359375e+01
7.418676757812500000e+01
7.419523620605468750e+01
7.424549865722656250e+01
7.432673645019531250e+01
7.441546630859375000e+01
7.438339233398437500e+01
7.426712799072265625e+01
7.418242645263671875e+01
7.410962677001953125e+01
7.412382507324218750e+01
7.422615814208984375e+01
7.434834289550781250e+01
7.441833496093750000e+01
7.437609863281250000e+01
7.423303222656250000e+01
7.416336059570312500e+01
7.413818359375000000e+01
7.411724853515625000e+01
7.464608001708984375e+01
7.529972839355468750e+01
4.610330200195312500e+01
4.070884704589843750e+01
4.452302932739257812e+01
5.671393203735351562e+01
